-0.009221366, 0.04981661, -0.016811294, 0.022942634, 0.040511623, 0.0026047893, 0.010434429, 0.053927764, 0.008075752
-0.009717239, -0.022698091, 0.027991991, -0.030579466, 0.038204264, -0.043861248, 0.028495748, -0.03755834, 0.044730607
-0.010845273, -0.02140049, 0.026834486, -0.02924222, 0.0358796, -0.0423732, 0.02623662, -0.029101903, 0.043500703
-0.010987635, -0.01978629, 0.024071192, -0.026367722, 0.032441862, -0.037937585, 0.024931235, -0.031790257, 0.039430525
-0.01084792, -0.021338912, 0.026793819, -0.029853422, 0.03601323, -0.041631788, 0.028403029, -0.036312178, 0.04348664
-0.008017481, -0.015387202, 0.019098526, -0.020881914, 0.025483442, -0.030846182, 0.019825734, -0.026642665, 0.029086873
-0.010079922, -0.017291596, 0.02097781, -0.022939092, 0.028313797, -0.032729898, 0.021708706, -0.028494844, 0.034423802
-0.011744568, -0.022505851, 0.027446575, -0.031419482, 0.037024595, -0.0425724, 0.028478991, -0.03539302, 0.04506321
-0.010510619, -0.02057104, 0.025026046, -0.027923508, 0.033689998, -0.03912952, 0.02597406, -0.034702305, 0.0395437
-0.008336747, -0.015157731, 0.018361388, -0.020076638, 0.024817238, -0.02900774, 0.018640399, -0.024887094, 0.030316906
-0.014023939, -0.025201049, 0.029980391, -0.033257674, 0.040804412, -0.048019517, 0.03139077, -0.04135313, 0.050197225
-0.010390855, -0.019813456, 0.024145424, -0.027111676, 0.032500204, -0.037941277, 0.025147203, -0.03166971, 0.0392409
-0.009998908, -0.019264672, 0.023468634, -0.025854304, 0.031211443, -0.036705274, 0.024257373, -0.032365244, 0.03789914
-0.011835929, -0.024529528, 0.030607138, -0.033802126, 0.039354295, -0.047692966, 0.03159131, -0.04359482, 0.049206212
-0.011678835, -0.022951942, 0.027968891, -0.0296194, 0.037607666, -0.04366576, 0.029002909, -0.03835835, 0.045436315
-0.012403423, -0.023991145, 0.029375827, -0.031007538, 0.039310925, -0.04513893, 0.03064869, -0.04029136, 0.047829255
-0.011043413, -0.021193666, 0.025922501, -0.028878577, 0.034791693, -0.03983471, 0.027511012, -0.03449162, 0.042215478
-0.008723176, -0.016732594, 0.020465182, -0.022809409, 0.02752627, -0.031528573, 0.020901322, -0.028673148, 0.032884784
-0.013836403, -0.029478865, 0.03271973, -0.03666883, 0.044303022, -0.05089306, 0.033830293, -0.04384426, 0.051521957
-0.012546291, -0.024007376, 0.029430006, -0.03342166, 0.040545475, -0.04568843, 0.031281307, -0.039367784, 0.045863487
-0.0131428335, -0.025415922, 0.030964818, -0.034176476, 0.041933883, -0.048487652, 0.03055015, -0.042165257, 0.050300956
-0.008966421, -0.018357817, 0.022526609, -0.025023453, 0.030768087, -0.0352215, 0.023216067, -0.02907308, 0.03658576
-0.0082061095, -0.02004486, 0.024690246, -0.02726892, 0.032760948, -0.03877683, 0.025285503, -0.032595187, 0.04014985
-0.009558301, -0.018415025, 0.022453789, -0.025049947, 0.030261436, -0.035180733, 0.02198711, -0.030651614, 0.03656866
-0.0084065925, -0.017821737, 0.022177326, -0.022461336, 0.03009754, -0.034818962, 0.020578822, -0.030577168, 0.035397787
-0.01326481, -0.025965285, 0.031718824, -0.034607306, 0.04343424, -0.049081028, 0.033166718, -0.044910718, 0.052347947
-0.011359001, -0.022163402, 0.027243137, -0.02950741, 0.036515757, -0.041538376, 0.02896913, -0.037483755, 0.04412986
-0.009639455, -0.020051414, 0.02540442, -0.024579646, 0.031048873, -0.038860925, 0.02533808, -0.034555946, 0.040050667
-0.008130544, -0.01709038, 0.020745812, -0.02374832, 0.027979441, -0.02796111, 0.021706855, -0.031679455, 0.034312543
-0.015399428, -0.024385199, 0.030740933, -0.03220825, 0.04014141, -0.047490228, 0.031118844, -0.03914415, 0.04769336
-0.010421077, -0.019943213, 0.024507554, -0.026639648, 0.033083897, -0.037864033, 0.02504105, -0.034837298, 0.03848905
-0.010537193, -0.018186279, 0.022353122, -0.02422689, 0.029701792, -0.0354017, 0.022892496, -0.03026265, 0.03593696
-0.009891121, -0.021237236, 0.02636473, -0.02880813, 0.03576713, -0.04120359, 0.026746668, -0.035466287, 0.042279765
-0.009142517, -0.014657098, 0.017829243, -0.019172387, 0.023707243, -0.027661521, 0.017830374, -0.024078332, 0.028669333
-0.011226086, -0.023897257, 0.029562136, -0.03248284, 0.040140152, -0.045757487, 0.029067809, -0.03964121, 0.047603436
-0.011419264, -0.023721734, 0.029339435, -0.03202853, 0.036503583, -0.04749184, 0.029353032, -0.03960201, 0.047273833
-0.012203378, -0.022987766, 0.028017512, -0.030932244, 0.037407566, -0.04636422, 0.028978752, -0.036836326, 0.045125425
-0.01077062, -0.02605471, 0.03248255, -0.035250153, 0.043672502, -0.05067027, 0.032588724, -0.042715542, 0.052379683
-0.009315994, -0.019643953, 0.022818286, -0.02420852, 0.03086679, -0.034679864, 0.022537451, -0.029976334, 0.035679996
-0.009473273, -0.01778272, 0.022148132, -0.02367099, 0.029765695, -0.03359735, 0.022865186, -0.030668331, 0.036257543
-0.0117545435, -0.02129755, 0.026113456, -0.029955503, 0.035159662, -0.040627107, 0.026932374, -0.033630516, 0.041294277
-0.01384309, -0.023309624, 0.027286293, -0.030929828, 0.037409626, -0.04658236, 0.03026991, -0.038873304, 0.04813883
-0.011963585, -0.02152165, 0.023804277, -0.027546125, 0.0346255, -0.042068433, 0.026740294, -0.033687998, 0.04238403
-0.01292568, -0.022146925, 0.026907073, -0.02798668, 0.036107033, -0.041429818, 0.028207306, -0.035115533, 0.046507012
-0.010217853, -0.02196021, 0.027478103, -0.029405778, 0.032090586, -0.04212323, 0.028194597, -0.03745726, 0.043637373
-0.011379805, -0.021993604, 0.027665013, -0.031640656, 0.036220547, -0.041643154, 0.031018477, -0.03644101, 0.043960653
-0.010556337, -0.020809025, 0.026216311, -0.029345354, 0.034077898, -0.04243215, 0.02679271, -0.032365546, 0.037625857
-0.009999271, -0.022383219, 0.028711723, -0.03181715, 0.034808833, -0.04504857, 0.029469568, -0.03866579, 0.04630397
-0.0125854425, -0.02279902, 0.029431922, -0.032528225, 0.039478056, -0.045977283, 0.030325899, -0.039899204, 0.04784663
-0.012614302, -0.023837138, 0.029159643, -0.033797216, 0.03784082, -0.04952909, 0.029645829, -0.041183203, 0.039464448
-0.01127963, -0.016755646, 0.02344866, -0.022473378, 0.024228292, -0.033595175, 0.024130644, -0.028768819, 0.031126339
-0.011015072, -0.0206874, 0.026408643, -0.026367588, 0.031999495, -0.04498276, 0.027497519, -0.031555887, 0.037519053
-0.010400161, -0.020473914, 0.024245068, -0.0287621, 0.033899266, -0.040529266, 0.027061583, -0.034986947, 0.03374038
-0.006779688, -0.015553403, 0.01946727, -0.019635199, 0.025573965, -0.03075074, 0.01979443, -0.028111676, 0.029474704
-0.009495749, -0.018012905, 0.025534723, -0.027698034, 0.031253923, -0.040886775, 0.026491495, -0.03448007, 0.0423255
-0.011683417, -0.022395378, 0.027319632, -0.030810758, 0.037056234, -0.043160904, 0.028721983, -0.03619186, 0.043280445
-0.012707385, -0.01969123, 0.022508506, -0.023095297, 0.030837128, -0.03590511, 0.023991544, -0.02973343, 0.03841312
-0.009291436, -0.018313203, 0.022462156, -0.024581993, 0.03011614, -0.035305295, 0.02241041, -0.03092704, 0.03653963
-0.009808357, -0.018950753, 0.023174878, -0.026506633, 0.031011803, -0.03603779, 0.023752641, -0.03153637, 0.03693291
-0.00832162, -0.016382443, 0.020082483, -0.021977102, 0.026253039, -0.031232594, 0.020448752, -0.028660355, 0.03192594
-0.01033553, -0.020904008, 0.025622645, -0.027417166, 0.034532104, -0.040734414, 0.02634792, -0.034952614, 0.041186083
-0.01108327, -0.022380069, 0.027348818, -0.030374782, 0.037574682, -0.04368562, 0.027816497, -0.037795518, 0.045351848
-0.01375044, -0.025767865, 0.033805445, -0.036248498, 0.045323364, -0.052973602, 0.03482064, -0.045930136, 0.055437535
-0.012179341, -0.023628801, 0.029095449, -0.03184356, 0.037370086, -0.045691308, 0.030203367, -0.039746284, 0.046412047
-0.0093198465, -0.01768796, 0.021627475, -0.023548594, 0.02918044, -0.034201123, 0.022482438, -0.029222146, 0.034480665
-0.008451286, -0.018630825, 0.02289408, -0.025419887, 0.029207326, -0.035553005, 0.024601089, -0.031376205, 0.03718531
-0.008901987, -0.017300736, 0.021171436, -0.023192888, 0.028838407, -0.033208117, 0.02087151, -0.02923944, 0.033821303
-0.0058480455, -0.01432861, 0.017562255, -0.019669311, 0.023572993, -0.027159896, 0.018138096, -0.023915589, 0.02852616
-0.008651279, -0.020395335, 0.02522453, -0.027682489, 0.03361487, -0.039407384, 0.025447262, -0.0344944, 0.040777314
-0.0120963175, -0.025702078, 0.031690694, -0.035372604, 0.04265336, -0.049879715, 0.030470915, -0.042925827, 0.05158114
-0.01279493, -0.024557408, 0.02970655, -0.031437356, 0.040207032, -0.04753927, 0.030780323, -0.040571976, 0.04924639
-0.0094135115, -0.018770626, 0.023889659, -0.026047146, 0.0305714, -0.03731361, 0.025310345, -0.030136714, 0.03781249
-0.010344949, -0.021599095, 0.026586773, -0.029290259, 0.036898546, -0.041887887, 0.026468523, -0.034448933, 0.043060586
-0.009198421, -0.018622357, 0.022972815, -0.023416875, 0.030081367, -0.03632677, 0.024620585, -0.030012133, 0.03762438
-0.008968296, -0.018022433, 0.022041364, -0.024279656, 0.028961217, -0.035777647, 0.023842996, -0.028984468, 0.03562376
-0.009849618, -0.024123607, 0.02948366, -0.032678686, 0.038286008, -0.045915827, 0.030609172, -0.041490756, 0.04819282
-0.009883724, -0.020575352, 0.025304204, -0.027915578, 0.034295663, -0.039756384, 0.02631007, -0.032854464, 0.041263875
-0.011568225, -0.02494141, 0.030595662, -0.033693116, 0.041385815, -0.048408393, 0.029095069, -0.0415714, 0.04983704
-0.010235581, -0.021439265, 0.026600504, -0.029036269, 0.033631433, -0.04177574, 0.025560439, -0.037559647, 0.042358357
-0.012220668, -0.023680707, 0.028993892, -0.030545363, 0.038937785, -0.045485407, 0.029965684, -0.03947593, 0.04731868
-0.009917638, -0.02300405, 0.028949706, -0.031431526, 0.036043428, -0.045863867, 0.029199457, -0.035932127, 0.04637734
-0.0053212103, -0.010656658, 0.013101314, -0.014473881, 0.01757403, -0.020761551, 0.013434918, -0.017987762, 0.020382425
-0.010512836, -0.022342121, 0.028200855, -0.03092233, 0.03904026, -0.043975785, 0.028684068, -0.037168514, 0.045969542
-0.011690153, -0.024431871, 0.03076416, -0.03282348, 0.036805104, -0.047859877, 0.03216128, -0.039902892, 0.048728347
-0.014042709, -0.02532512, 0.02896824, -0.036212787, 0.04030896, -0.040898945, 0.032925617, -0.04147384, 0.049803767
-0.012636003, -0.02203119, 0.026626905, -0.028599849, 0.035396263, -0.04253139, 0.027533049, -0.035805125, 0.042731225
-0.013109219, -0.02162566, 0.025674218, -0.027390094, 0.033916198, -0.03929686, 0.027198363, -0.03477822, 0.04238027
-0.006071452, -0.012605381, 0.015486072, -0.016846908, 0.02129821, -0.024586748, 0.015233714, -0.021513106, 0.023926027
-0.016206674, -0.028456353, 0.035542708, -0.0382253, 0.048994396, -0.05566967, 0.03252439, -0.04207852, 0.05761354
-0.010941836, -0.021872072, 0.027793348, -0.029420003, 0.034125574, -0.04400463, 0.028354382, -0.033637103, 0.042809416
-0.008935033, -0.017411858, 0.021261262, -0.023279922, 0.028152784, -0.0333013, 0.021522716, -0.029593121, 0.034524713
-0.01128354, -0.019781658, 0.023843432, -0.024629407, 0.031956874, -0.039371554, 0.024802443, -0.032578252, 0.039459217
-0.011105341, -0.018525159, 0.02318357, -0.023728617, 0.031185742, -0.036884498, 0.02386037, -0.03063322, 0.03854123
-0.011641984, -0.02067291, 0.02432232, -0.026619032, 0.033608593, -0.039055422, 0.026149677, -0.032767337, 0.042744797
-0.011563369, -0.025174605, 0.030727109, -0.03346035, 0.039551884, -0.048336506, 0.031771965, -0.042530447, 0.05033717
-0.0135481255, -0.02259721, 0.026909612, -0.028886542, 0.036715873, -0.043600872, 0.025087548, -0.035584472, 0.045241743
-0.013987589, -0.02112403, 0.026080653, -0.027053868, 0.03447102, -0.03982562, 0.026465846, -0.03266564, 0.04285232
-0.01308845, -0.021261206, 0.025516003, -0.026995968, 0.03445866, -0.038482334, 0.026432574, -0.0351621, 0.043012556
-0.01418829, -0.022362685, 0.027027855, -0.028998034, 0.036644775, -0.040947217, 0.028160771, -0.035664212, 0.045808744
-0.011314091, -0.020368047, 0.02665584, -0.028670155, 0.035769172, -0.037279397, 0.026022194, -0.034882724, 0.04034348
-0.009077316, -0.015896164, 0.019280871, -0.021255687, 0.02898645, -0.029563341, 0.01994681, -0.025973886, 0.030261105
-0.00856195, -0.017446522, 0.021466888, -0.02363734, 0.027721642, -0.03343207, 0.02222187, -0.02872183, 0.034757894
-0.007063307, -0.014057507, 0.01742523, -0.019028965, 0.024375957, -0.026295785, 0.017646523, -0.02378999, 0.028450225
-0.011067807, -0.020253694, 0.02468181, -0.026974125, 0.032394726, -0.039644495, 0.022846036, -0.033847794, 0.040878627
-0.015166329, -0.027709983, 0.033249978, -0.03557794, 0.04256348, -0.053217206, 0.034413874, -0.042975184, 0.056182295
-0.015615657, -0.024005478, 0.029533103, -0.030928686, 0.038998272, -0.046537723, 0.029914508, -0.035844803, 0.04827775
-0.018417662, -0.02709735, 0.03259284, -0.034633, 0.045028467, -0.051325776, 0.03376503, -0.041629694, 0.055318847
-0.012445332, -0.023543552, 0.026792333, -0.03199269, 0.038072612, -0.0391345, 0.029687107, -0.038420014, 0.04802524
-0.008362363, -0.016281437, 0.02014554, -0.021858811, 0.024833374, -0.031592768, 0.021060629, -0.027431926, 0.032355398
-0.012179978, -0.025234932, 0.028595129, -0.02938239, 0.034838114, -0.04376444, 0.030138846, -0.036726523, 0.042625856
-0.013213365, -0.02260593, 0.02826635, -0.029712617, 0.032994628, -0.04445339, 0.029311817, -0.040064257, 0.046819955
-0.013516044, -0.024555879, 0.029854689, -0.032332215, 0.0402396, -0.04816305, 0.030797025, -0.03860598, 0.048988666
-0.010776229, -0.019937271, 0.024563348, -0.026760211, 0.029388301, -0.039320357, 0.02524015, -0.03255502, 0.040958215
-0.009707255, -0.019650703, 0.02397166, -0.026451282, 0.03155551, -0.03765203, 0.024636839, -0.03298965, 0.03902389
-0.014980918, -0.024968548, 0.030818813, -0.032785237, 0.038917374, -0.050019383, 0.03197125, -0.037596118, 0.05235343
-0.009723283, -0.016967673, 0.021331152, -0.024003558, 0.030185204, -0.037172493, 0.026234949, -0.03208106, 0.040090416
-0.011331047, -0.02225389, 0.027885767, -0.030517893, 0.029162986, -0.044028383, 0.028681653, -0.03854931, 0.04467962
-0.00838551, -0.017944388, 0.02150949, -0.0236022, 0.03003991, -0.035085846, 0.025369009, -0.030242816, 0.035781212
-0.010324635, -0.016776053, 0.019882878, -0.021121018, 0.02750826, -0.029601723, 0.020730773, -0.026864657, 0.032960076
-0.017164811, -0.028500233, 0.034242827, -0.034233373, 0.044619814, -0.05277402, 0.029046271, -0.0432994, 0.05590593
-0.0120833265, -0.018106233, 0.022617202, -0.024466762, 0.032968696, -0.043101687, 0.02458132, -0.03198705, 0.040350404
-0.013728568, -0.024118273, 0.02922562, -0.03103572, 0.03786233, -0.048234556, 0.030022573, -0.03846517, 0.041672964
-0.010446389, -0.018663125, 0.022646269, -0.024629075, 0.031015221, -0.03255294, 0.023304772, -0.03074729, 0.038094245
-0.010292447, -0.021949166, 0.028387742, -0.031694733, 0.03391719, -0.046074457, 0.029011441, -0.037111394, 0.039617177
-0.012841515, -0.02478365, 0.030343192, -0.033780653, 0.04011438, -0.04627596, 0.03117319, -0.042524055, 0.049081206
-0.011011646, -0.02166961, 0.025594007, -0.032315135, 0.035898525, -0.037039477, 0.027078982, -0.03252563, 0.04595185
-0.01626844, -0.022919081, 0.025281766, -0.019748267, 0.03493149, -0.046078276, 0.028523466, -0.036247935, 0.041486807
-0.010107766, -0.014668863, 0.017688692, -0.017317561, 0.022551632, -0.026381584, 0.017966637, -0.023918953, 0.027007943
-0.016266247, -0.02628199, 0.031413455, -0.03400781, 0.04230602, -0.048840944, 0.032491453, -0.041882847, 0.051880613
-0.016308973, -0.027484743, 0.032462135, -0.034682903, 0.044151057, -0.050780624, 0.033127453, -0.044730276, 0.055563256
-0.011059795, -0.019408898, 0.022486009, -0.023186568, 0.030091349, -0.035389572, 0.022991838, -0.029955033, 0.036955003
-0.009173593, -0.01621785, 0.019599605, -0.021286946, 0.026457328, -0.030413605, 0.020226965, -0.026755776, 0.032344535
-0.012179411, -0.021898782, 0.026227405, -0.028747162, 0.0356458, -0.040943827, 0.027016278, -0.035908155, 0.044083335
-0.017000044, -0.027219756, 0.035458356, -0.03805048, 0.046924178, -0.05582726, 0.03579908, -0.046121404, 0.058974646
-0.013445336, -0.02302385, 0.028585026, -0.030864196, 0.03850826, -0.04408245, 0.02957223, -0.039080933, 0.04736513
-0.012599634, -0.024174374, 0.029501865, -0.030714374, 0.03965471, -0.04590687, 0.03098672, -0.04017452, 0.048376005
-0.01107617, -0.018765112, 0.023012007, -0.024740333, 0.031000054, -0.036011107, 0.02375256, -0.031762738, 0.037790135
-0.011949792, -0.020807948, 0.025144225, -0.027500706, 0.03422557, -0.040295955, 0.02529607, -0.032834444, 0.04127923
-0.012908629, -0.026693227, 0.030057708, -0.039286718, 0.039031327, -0.045549966, 0.030989198, -0.038601562, 0.044970557
-0.013454421, -0.023106853, 0.028146777, -0.030094335, 0.03796148, -0.044615585, 0.027506098, -0.038151305, 0.0460698
-0.012572081, -0.018555224, 0.021579208, -0.023120122, 0.02794127, -0.036069207, 0.023137825, -0.030485386, 0.037077866
-0.015663031, -0.029172603, 0.032812506, -0.0358567, 0.047548566, -0.05166537, 0.034165733, -0.04386344, 0.052390467
-0.011456471, -0.020364577, 0.024273599, -0.026013955, 0.032061897, -0.038067147, 0.025880115, -0.03447422, 0.03850987
-0.010116528, -0.017285505, 0.020486852, -0.022826346, 0.028492482, -0.033136573, 0.021287404, -0.02833842, 0.036188506
-0.0117791025, -0.023784941, 0.029550927, -0.031316876, 0.03981244, -0.046957996, 0.030592395, -0.040940467, 0.048828658
-0.009418884, -0.018712783, 0.023236753, -0.023885474, 0.030836755, -0.03657245, 0.024065219, -0.029901706, 0.037657827
-0.011100258, -0.020790493, 0.025604112, -0.028444272, 0.03442585, -0.040230606, 0.026548935, -0.03535864, 0.040518947
-0.012427597, -0.022600092, 0.027561102, -0.03037687, 0.037041098, -0.043666832, 0.028406568, -0.034211613, 0.045591816
-0.012920421, -0.024230115, 0.029452873, -0.032053422, 0.038735818, -0.04539905, 0.030337352, -0.037431322, 0.051769298
-0.013119503, -0.024309643, 0.029339334, -0.032509014, 0.040237624, -0.04681396, 0.030708928, -0.036711223, 0.048656538
-0.0126466025, -0.023103032, 0.02926316, -0.031439964, 0.039324287, -0.04569716, 0.030231051, -0.039534125, 0.048386645
-0.013046821, -0.026435833, 0.031938005, -0.035498753, 0.0435317, -0.05101698, 0.033415835, -0.04431964, 0.047786906
-0.011319419, -0.0207787, 0.025366744, -0.029038994, 0.034755632, -0.041015673, 0.026834767, -0.032764975, 0.03996139
-0.010867851, -0.021447422, 0.026508661, -0.029066077, 0.032923564, -0.041256364, 0.027251892, -0.037868503, 0.042277995
-0.010622591, -0.023232479, 0.028985132, -0.032754455, 0.037641037, -0.043921098, 0.028753065, -0.0370577, 0.046775248
-0.012776992, -0.02517019, 0.030653063, -0.03340699, 0.038591284, -0.04868159, 0.030571945, -0.042290527, 0.050263368
-0.010835874, -0.020255757, 0.02546305, -0.028151501, 0.034731176, -0.041164044, 0.026824525, -0.03514992, 0.04184067
-0.010804328, -0.021569215, 0.027073508, -0.029624091, 0.036368858, -0.042773504, 0.028062733, -0.036595844, 0.04415962
-0.010868204, -0.022494808, 0.027531095, -0.02999666, 0.036708973, -0.04324546, 0.027042722, -0.037445776, 0.04515555
-0.011943251, -0.022614576, 0.028639013, -0.030684501, 0.035355464, -0.043792788, 0.02850384, -0.038888026, 0.046264805
-0.012447835, -0.01931753, 0.024031935, -0.025238926, 0.03222921, -0.037918895, 0.023789281, -0.03186347, 0.03892333
-0.010279981, -0.020167649, 0.024653994, -0.02683742, 0.031671785, -0.038866792, 0.02606275, -0.031677477, 0.04039832
-0.010229718, -0.01934782, 0.024390826, -0.026754752, 0.032674927, -0.037906274, 0.024597023, -0.033643473, 0.037439395
-0.014275618, -0.023580154, 0.028375324, -0.031050747, 0.03716775, -0.045403074, 0.029748434, -0.035602886, 0.048079316
-0.013388637, -0.023403866, 0.028721461, -0.029881505, 0.0388937, -0.04557472, 0.029902278, -0.039038215, 0.048285495
-0.008508526, -0.015191122, 0.018598313, -0.020103436, 0.02493274, -0.02846073, 0.019265885, -0.02570522, 0.030489763
-0.009849661, -0.018040508, 0.02266662, -0.021848042, 0.03025747, -0.03785968, 0.02317127, -0.029854596, 0.03731994
-0.014222571, -0.023949526, 0.028070845, -0.030738264, 0.03838591, -0.046028174, 0.030061083, -0.039329894, 0.04822056
-0.011912423, -0.02166917, 0.026440598, -0.028812425, 0.0355481, -0.042058088, 0.027409555, -0.035708003, 0.042098872
-0.010834473, -0.022939594, 0.02741536, -0.03077271, 0.041018184, -0.044687904, 0.029163262, -0.033535667, 0.0456794
-0.011331073, -0.021615459, 0.02851304, -0.030566914, 0.037100833, -0.03681453, 0.027993947, -0.040382054, 0.041577056
-0.009214499, -0.021363784, 0.026935164, -0.028471, 0.03495345, -0.04060363, 0.026941998, -0.0356525, 0.04289432
-0.0073073506, -0.016211813, 0.019423949, -0.020902969, 0.026247304, -0.032371365, 0.02103877, -0.026567807, 0.032193914
-0.013116601, -0.025514467, 0.030586189, -0.034689397, 0.043568008, -0.048474483, 0.032502834, -0.044078737, 0.051741123
-0.009337002, -0.017855784, 0.021499803, -0.02418542, 0.031108761, -0.0341657, 0.022327863, -0.028394274, 0.035660006
-0.009900718, -0.020666316, 0.025245436, -0.028088395, 0.034232374, -0.03960549, 0.026585761, -0.035316214, 0.041942537
-0.008016353, -0.017246466, 0.020999528, -0.023133356, 0.028363554, -0.033021532, 0.02131504, -0.028104646, 0.034295328
-0.012125223, -0.022948783, 0.02917535, -0.032919154, 0.038052723, -0.044605944, 0.030408995, -0.03868259, 0.048171524
-0.014280581, -0.023932938, 0.028528377, -0.031453528, 0.03671088, -0.046934176, 0.030727332, -0.037532028, 0.047603577
-0.008637276, -0.020016542, 0.02476104, -0.02753358, 0.033414945, -0.03918467, 0.023949128, -0.0336116, 0.040321734
-0.011338952, -0.02431028, 0.030494437, -0.033432353, 0.03856324, -0.047588427, 0.031132622, -0.041531973, 0.049524564
-0.010808011, -0.021479035, 0.026265433, -0.028719911, 0.033397276, -0.041152425, 0.027326653, -0.03571073, 0.04299019
-0.009938892, -0.021354953, 0.02627581, -0.028908728, 0.03535388, -0.040235616, 0.02733221, -0.03560685, 0.042809196
-0.009742533, -0.017099721, 0.0219788, -0.023944564, 0.029517418, -0.03470806, 0.022714557, -0.029609714, 0.03596703
-0.008630594, -0.016446397, 0.020052701, -0.0220348, 0.027604114, -0.031683847, 0.020934438, -0.025977584, 0.03282701
-0.011384023, -0.021031661, 0.02577936, -0.02817644, 0.033067267, -0.040235963, 0.027190262, -0.03487666, 0.041941725
-0.011873264, -0.022384096, 0.02801819, -0.030454047, 0.037450895, -0.041185368, 0.028903255, -0.037771773, 0.044200484
-0.011037142, -0.021027965, 0.02522953, -0.02874089, 0.03541736, -0.04121832, 0.027044185, -0.03531868, 0.03760646
-0.009855998, -0.019403227, 0.023603272, -0.025343396, 0.031096697, -0.038568474, 0.024316013, -0.032012094, 0.038424566
-0.010989215, -0.019797249, 0.023241213, -0.026646469, 0.031742632, -0.037364587, 0.024453484, -0.032104693, 0.03451151
-0.011213403, -0.021866035, 0.026810283, -0.027897269, 0.035913, -0.041760482, 0.028111707, -0.037113115, 0.043527063
-0.0077280826, -0.020539198, 0.024920054, -0.028201768, 0.029760243, -0.044585016, 0.02561704, -0.030673902, 0.03610496
-0.010166472, -0.017930659, 0.022211164, -0.023912743, 0.026829649, -0.03499691, 0.022862459, -0.030207712, 0.036038846
-0.012286977, -0.019203747, 0.022451965, -0.02795701, 0.03261505, -0.03620274, 0.026215257, -0.030886702, 0.03917009
-0.008275094, -0.012112136, 0.017333392, -0.018631345, 0.022089155, -0.026169743, 0.019478314, -0.02374199, 0.02800113
-0.007543277, -0.013713411, 0.016922105, -0.019074831, 0.02207968, -0.026931737, 0.015749425, -0.0237271, 0.026845654
-0.0069975127, -0.014830175, 0.017826244, -0.019183388, 0.023411497, -0.029055282, 0.01878199, -0.025975863, 0.030131027
-0.0135783255, -0.023290502, 0.028419746, -0.030583262, 0.03625414, -0.043976884, 0.029138345, -0.041757945, 0.044501483
-0.008260254, -0.018953033, 0.023194073, -0.024711993, 0.031334545, -0.03550083, 0.021875, -0.031213794, 0.03947449
-0.010430597, -0.020118214, 0.025049003, -0.027220568, 0.029126419, -0.03933688, 0.025542432, -0.033947397, 0.040777747
-0.009359658, -0.022343256, 0.027354583, -0.02991769, 0.036820684, -0.0435185, 0.028225617, -0.03802704, 0.041301504
-0.011562827, -0.02259871, 0.027595973, -0.03039151, 0.037081927, -0.04310508, 0.027247088, -0.03857547, 0.044715002
-0.010438178, -0.018250443, 0.022869471, -0.02483981, 0.028593367, -0.03551822, 0.023501193, -0.03134148, 0.03419266
-0.012370686, -0.027496591, 0.033936128, -0.03594681, 0.04292842, -0.052849893, 0.036493704, -0.04433327, 0.05639862
-0.017621357, -0.020937247, 0.025678866, -0.026243528, 0.033984054, -0.033764515, 0.027422415, -0.03362493, 0.043320186
-0.00930912, -0.019469162, 0.02407646, -0.024794305, 0.0320346, -0.03759625, 0.023300588, -0.03350085, 0.039363798
-0.011269101, -0.02303012, 0.028649958, -0.03259564, 0.036509555, -0.044575203, 0.0294123, -0.03767589, 0.04857819
-0.016543897, -0.017722875, 0.020514593, -0.022193247, 0.028891262, -0.033811606, 0.02199261, -0.026491698, 0.034958526
-0.011414445, -0.024832256, 0.030658493, -0.03392672, 0.037980914, -0.049094863, 0.032447323, -0.043700285, 0.050903738
-0.012431791, -0.022077998, 0.026730973, -0.028826127, 0.036090326, -0.042334888, 0.027711026, -0.034745123, 0.044438265
-0.012447361, -0.019952971, 0.023122886, -0.023177492, 0.032244947, -0.034665506, 0.02481646, -0.031887494, 0.041954115
-0.014527942, -0.022802442, 0.027010882, -0.028383609, 0.036530655, -0.043344785, 0.02810337, -0.036214385, 0.04238368
-0.012145214, -0.023640418, 0.028896475, -0.032316484, 0.039334297, -0.044560034, 0.030312542, -0.03761898, 0.047183182
-0.011948733, -0.020892618, 0.0227052, -0.025064848, 0.032282677, -0.03813748, 0.024949163, -0.032251965, 0.04051328
-0.016825818, -0.02226962, 0.028434865, -0.031925995, 0.041057844, -0.043122187, 0.032222446, -0.03887631, 0.053424183
-0.011151686, -0.018296994, 0.021460118, -0.022831399, 0.028778981, -0.034136407, 0.0220072, -0.027842801, 0.036131732
-0.01185087, -0.019452574, 0.020543754, -0.024679223, 0.03129131, -0.03729123, 0.024036936, -0.030107997, 0.038598
-0.012906577, -0.017999236, 0.021533825, -0.023081833, 0.029267598, -0.033701546, 0.022322703, -0.026338922, 0.036624726
-0.013045245, -0.021364631, 0.02427766, -0.026891064, 0.034059275, -0.04098297, 0.021788394, -0.030978428, 0.04164601
-0.012713226, -0.020958494, 0.02470843, -0.026108978, 0.034909047, -0.04038188, 0.025303628, -0.03403406, 0.039041396
-0.013299409, -0.023610003, 0.02360171, -0.026780501, 0.035104703, -0.041131195, 0.026749523, -0.029952167, 0.03689384
-0.012228543, -0.02154063, 0.020865297, -0.02438526, 0.029816074, -0.036266074, 0.023438593, -0.027973648, 0.038069636
-0.013852261, -0.024288382, 0.019023664, -0.0282785, 0.036047913, -0.044040322, 0.027629307, -0.03405623, 0.043082554
-0.007525023, -0.020256506, 0.02536618, -0.02720154, 0.033143163, -0.036661856, 0.024420649, -0.032780834, 0.037160978
-0.011472361, -0.02196693, 0.026863193, -0.03093403, 0.035776958, -0.041788705, 0.027142812, -0.035478655, 0.04399776
-0.012965195, -0.021022145, 0.020449383, -0.026489852, 0.033825185, -0.037931815, 0.025786243, -0.033420492, 0.043043453
-0.013899184, -0.02442213, 0.02835153, -0.031311005, 0.04168496, -0.046069503, 0.03027276, -0.036253557, 0.049923323
-0.014062682, -0.02284474, 0.027520338, -0.029152632, 0.03749362, -0.043839786, 0.026308475, -0.036040854, 0.04662069
-0.012858376, -0.020677906, 0.025280604, -0.027411826, 0.03529446, -0.036368817, 0.02653192, -0.03506797, 0.045282688
-0.012310632, -0.025507385, 0.030147823, -0.032877807, 0.04163502, -0.049434915, 0.031171352, -0.039155204, 0.052439205
-0.010147946, -0.015544566, 0.0159447, -0.021770732, 0.028062822, -0.032908574, 0.021369422, -0.027459396, 0.036361646
-0.011671687, -0.01941468, 0.018642036, -0.023930728, 0.030996103, -0.035644066, 0.023997301, -0.030773904, 0.04018229
-0.012543013, -0.020341136, 0.025205104, -0.02732793, 0.034617797, -0.043173935, 0.026418427, -0.03338254, 0.04136117
-0.01288529, -0.018836759, 0.022640161, -0.023868442, 0.03044849, -0.03586203, 0.023434155, -0.02925545, 0.037596643
-0.015230463, -0.02599733, 0.031235935, -0.03245834, 0.041433804, -0.040636763, 0.03137618, -0.036017388, 0.054242883
-0.012239275, -0.02290465, 0.02835618, -0.031015227, 0.03974509, -0.043916427, 0.028976701, -0.03726716, 0.04651552
-0.011491224, -0.019811304, 0.023414591, -0.024897752, 0.03198408, -0.038418256, 0.02460181, -0.025773048, 0.040599365
-0.013064908, -0.022555197, 0.022180423, -0.024525112, 0.032116886, -0.03519473, 0.02485314, -0.03027179, 0.03546167
-0.014713551, -0.025867008, 0.029622613, -0.029616483, 0.03972657, -0.039372258, 0.030099139, -0.038029768, 0.04178698
-0.010440721, -0.017600344, 0.021232056, -0.022181967, 0.028059253, -0.03329949, 0.021978972, -0.028352907, 0.0312
-0.010699192, -0.017160734, 0.020454893, -0.020575719, 0.027095672, -0.033175886, 0.020551443, -0.02642992, 0.029636199
-0.011806353, -0.02267364, 0.02722217, -0.030330256, 0.037929874, -0.04301404, 0.02556896, -0.03129279, 0.046383757
-0.01162213, -0.021425968, 0.027004726, -0.030558089, 0.0373816, -0.03621209, 0.02595184, -0.037890803, 0.045685828
-0.011890583, -0.020111088, 0.023857523, -0.02597369, 0.034595497, -0.0332947, 0.024889546, -0.037635114, 0.038362097
-0.011250254, -0.022557365, 0.02768171, -0.030281331, 0.038600422, -0.044076677, 0.024417423, -0.036782507, 0.044101007
-0.0063235583, -0.012628121, 0.015554418, -0.017141346, 0.021416225, -0.024552748, 0.015373856, -0.021430323, 0.02374854
-0.009008003, -0.02237982, 0.025998643, -0.030672027, 0.029745745, -0.04467106, 0.027514573, -0.038466852, 0.045436166
-0.0110496245, -0.022136573, 0.03353869, -0.027347207, 0.032578394, -0.04200593, 0.026327502, -0.03557328, 0.044390127
-0.005850331, -0.015376961, 0.018779708, -0.020679515, 0.023571834, -0.030345364, 0.017670402, -0.026307879, 0.03067375
-0.011516924, -0.021916902, 0.027370878, -0.029966438, 0.026833339, -0.04336139, 0.029443787, -0.037759025, 0.043169826
-0.009618455, -0.019229272, 0.025012994, -0.026186243, 0.028095007, -0.037230965, 0.024181329, -0.027478108, 0.041779164
-0.0067518107, -0.013331414, 0.018541569, -0.01859938, 0.022760842, -0.025162596, 0.016078658, -0.02038633, 0.025845563
-0.009505761, -0.018364366, 0.023741163, -0.025929991, 0.034958813, -0.031393986, 0.023284066, -0.02882295, 0.03700416
-0.0092640035, -0.018548941, 0.023278944, -0.025285622, 0.031312276, -0.035778336, 0.02352232, -0.024664981, 0.037201077
-0.01243976, -0.021351798, 0.025448956, -0.027625814, 0.03440048, -0.039609473, 0.02640478, -0.033996396, 0.041993942
-0.011326634, -0.021873878, 0.025997823, -0.027815638, 0.034474887, -0.040644117, 0.02701084, -0.03504854, 0.043542396
-0.009585576, -0.019181715, 0.024275597, -0.024702188, 0.030918112, -0.035750277, 0.025675375, -0.03033498, 0.038143665
-0.007873547, -0.016381375, 0.019947208, -0.02167801, 0.026624065, -0.031444587, 0.020276094, -0.027661847, 0.03273058
-0.0075488933, -0.016934162, 0.020249095, -0.023225594, 0.028814439, -0.032508567, 0.021859577, -0.02928815, 0.034467343
-0.0073948917, -0.017265318, 0.024122398, -0.02648192, 0.031376466, -0.037661243, 0.024739772, -0.031677157, 0.039271783
-0.009261273, -0.018322598, 0.022788985, -0.025441911, 0.030777335, -0.034894507, 0.023993947, -0.031693194, 0.034769952
-0.007591752, -0.018767314, 0.023109263, -0.025706748, 0.030811984, -0.0359272, 0.023894269, -0.031412706, 0.03674477
-0.0101120835, -0.020194858, 0.02473231, -0.028700223, 0.032270942, -0.03757075, 0.029409574, -0.03178232, 0.03814455
-0.009119453, -0.016138244, 0.020073758, -0.02170218, 0.027320633, -0.031653326, 0.01928993, -0.027566174, 0.031116748
-0.008491647, -0.016347691, 0.019872958, -0.022142362, 0.027009234, -0.031387735, 0.020683158, -0.02492333, 0.031909887
-0.010869734, -0.020922814, 0.025539251, -0.027235908, 0.0350235, -0.040518586, 0.027360242, -0.031382725, 0.041727547
-0.009961477, -0.018851273, 0.024662148, -0.027421689, 0.03292872, -0.038969558, 0.022720354, -0.033149473, 0.040495913
-0.008516654, -0.017510887, 0.021439267, -0.023154046, 0.0306512, -0.031124275, 0.02214144, -0.029947923, 0.033703372
-0.011218087, -0.02024366, 0.025068915, -0.028161164, 0.035652936, -0.04111499, 0.02678916, -0.03493296, 0.04162815
-0.010169105, -0.019834727, 0.027813273, -0.026937524, 0.031520203, -0.038278054, 0.024893984, -0.034828607, 0.037657052
-0.0111137, -0.022107884, 0.027616192, -0.030841205, 0.036745068, -0.03913969, 0.02867148, -0.034691136, 0.04471762
-0.010665397, -0.02119572, 0.026181225, -0.030313294, 0.036587026, -0.040260542, 0.027235406, -0.03248473, 0.039569866
-0.011669501, -0.024492942, 0.030088227, -0.033403296, 0.03458635, -0.047245763, 0.031451695, -0.040744487, 0.04874432
-0.008933402, -0.018604273, 0.02377868, -0.02515003, 0.026215356, -0.03539846, 0.02284626, -0.03267186, 0.03765145
-0.010921938, -0.017786851, 0.022029703, -0.023975346, 0.028578373, -0.03461391, 0.02302044, -0.026594805, 0.035102375
-0.008791889, -0.017286517, 0.021497535, -0.023697129, 0.024990885, -0.031789076, 0.022266127, -0.029313684, 0.035444077
-0.008690683, -0.019500505, 0.024034284, -0.025655083, 0.033229087, -0.037831325, 0.022197183, -0.033850104, 0.038842347
-0.01173589, -0.023184186, 0.028441189, -0.031724326, 0.037920844, -0.044335667, 0.029345002, -0.03972078, 0.03932487
-0.012620786, -0.02329113, 0.028221803, -0.029882867, 0.03958669, -0.0448067, 0.030022718, -0.039093055, 0.04226191
-0.01248503, -0.023503656, 0.028840065, -0.031410366, 0.03871323, -0.043626774, 0.029836303, -0.03889109, 0.04727986
-0.012346611, -0.023781206, 0.028477022, -0.032611094, 0.04092372, -0.03868699, 0.030415539, -0.04130438, 0.042927966
-0.011345557, -0.023036566, 0.02810201, -0.030111628, 0.032510497, -0.04457255, 0.029587965, -0.038629208, 0.0463385
-0.015040418, -0.024022654, 0.02895421, -0.031215673, 0.038885396, -0.045348343, 0.029409787, -0.03856432, 0.05076365
-0.01227581, -0.023608929, 0.028729204, -0.031602763, 0.03741517, -0.044920232, 0.029797977, -0.039345924, 0.04676761
-0.011657777, -0.022076808, 0.026816668, -0.02984598, 0.03684896, -0.042037234, 0.02764177, -0.03836621, 0.044847485
-0.008861193, -0.017597022, 0.021573732, -0.023704065, 0.028570661, -0.033495232, 0.021583898, -0.030673727, 0.034633756
-0.012895437, -0.024097165, 0.028921576, -0.03195925, 0.0392216, -0.04650491, 0.029109826, -0.040568195, 0.048391074
-0.008891613, -0.018765302, 0.02321923, -0.025509218, 0.031741068, -0.036512665, 0.022397764, -0.031108147, 0.037813995
-0.011463262, -0.021243844, 0.025683574, -0.028435975, 0.035224244, -0.04049007, 0.027007189, -0.03693544, 0.041912463
-0.010484284, -0.021084193, 0.026061477, -0.028753921, 0.035259955, -0.040712774, 0.026855849, -0.03193438, 0.04219467
-0.012457545, -0.021613164, 0.026268208, -0.028117536, 0.035248045, -0.040423535, 0.026713792, -0.035493854, 0.04351146
-0.012413747, -0.023400081, 0.029297197, -0.031711634, 0.03934722, -0.045593843, 0.025302883, -0.0391764, 0.047252994
-0.01288929, -0.024421215, 0.029750936, -0.032588135, 0.039275598, -0.04614157, 0.030947803, -0.04092182, 0.04865883
-0.013617819, -0.023174267, 0.027729489, -0.02970544, 0.03738137, -0.04504048, 0.02899972, -0.036588196, 0.04397297
-0.011771746, -0.019460995, 0.02367366, -0.0254371, 0.032078568, -0.037370253, 0.024490923, -0.030151056, 0.039605487
-0.015999446, -0.027622793, 0.03306987, -0.036152657, 0.045509458, -0.054794997, 0.035055287, -0.044119112, 0.055723935
-0.016920745, -0.027903296, 0.034924332, -0.037158784, 0.046813644, -0.056158446, 0.03602034, -0.045643635, 0.056552816
-0.011245102, -0.02031964, 0.024708852, -0.025961533, 0.03296383, -0.036469266, 0.025189325, -0.033981718, 0.041214675
-0.012524612, -0.022895329, 0.027560351, -0.030201338, 0.037149128, -0.04569795, 0.028718632, -0.0373731, 0.045248978
-0.015061628, -0.024768934, 0.030590633, -0.032548647, 0.04112683, -0.04742322, 0.031900562, -0.041123573, 0.05095437
-0.013037609, -0.024263179, 0.028804287, -0.030900724, 0.03785632, -0.045110893, 0.02945851, -0.036154587, 0.046570774
-0.013494193, -0.023592608, 0.028985074, -0.031671755, 0.03955381, -0.045896985, 0.030238863, -0.03729526, 0.04820424
-0.009282899, -0.015768334, 0.019323295, -0.021288695, 0.024054557, -0.030503096, 0.019992951, -0.02676197, 0.031541117
-0.011572861, -0.021261629, 0.025299378, -0.027025279, 0.03397871, -0.041250307, 0.026198715, -0.03369389, 0.04001851
-0.013995523, -0.02206209, 0.026159147, -0.027794661, 0.035320405, -0.043036174, 0.023925316, -0.034971345, 0.04208474
-0.011355284, -0.019751277, 0.024083626, -0.02614486, 0.032518443, -0.036983155, 0.02487296, -0.032466207, 0.041462194
-0.013835493, -0.024444, 0.029101025, -0.031301342, 0.03907772, -0.044674102, 0.030161185, -0.03924236, 0.04878653
-0.010999633, -0.02022083, 0.024777418, -0.02686457, 0.03342484, -0.039278053, 0.022796234, -0.03349605, 0.040685263
-0.0125922365, -0.023599714, 0.02920469, -0.03224512, 0.03747436, -0.04732758, 0.030219154, -0.039617296, 0.042981055
-0.012768908, -0.020766169, 0.026596064, -0.028525637, 0.03560339, -0.041888975, 0.027273541, -0.03562325, 0.0438776
-0.013157162, -0.022563383, 0.02687358, -0.029329682, 0.03659672, -0.04309792, 0.0281067, -0.035670683, 0.045142114
-0.013997449, -0.023271851, 0.02956652, -0.031258784, 0.039258324, -0.047524795, 0.029982999, -0.04007893, 0.047468886
-0.011123924, -0.017214196, 0.021566283, -0.023037001, 0.02582615, -0.03728486, 0.021156495, -0.028800622, 0.03594144
-0.0080856085, -0.018931149, 0.022937221, -0.025217468, 0.028590703, -0.036440607, 0.02445702, -0.03291869, 0.037692476
-0.0131824855, -0.021560842, 0.025878565, -0.027992088, 0.03430983, -0.037538104, 0.02671253, -0.0325117, 0.0425467
-0.012166626, -0.021299887, 0.02615405, -0.02781228, 0.034005072, -0.040715676, 0.026856832, -0.034850083, 0.042779226
-0.015885228, -0.026522344, 0.031894058, -0.034744, 0.043491907, -0.050498977, 0.03334758, -0.041582953, 0.054475635
-0.011080513, -0.019003049, 0.022323053, -0.024632076, 0.030598378, -0.035912562, 0.02345035, -0.030430164, 0.03699782
-0.014025308, -0.023636067, 0.029029476, -0.030896388, 0.038897283, -0.0461381, 0.0298714, -0.03896967, 0.046161782
-0.013370311, -0.022200467, 0.027044505, -0.028758379, 0.036393605, -0.043250337, 0.028154716, -0.036461513, 0.04345813
-0.00977148, -0.017808395, 0.021562535, -0.021969996, 0.028687032, -0.034133, 0.021731732, -0.02948104, 0.033294152
-0.009121348, -0.015819833, 0.019187767, -0.02064264, 0.026152838, -0.030727975, 0.019894049, -0.026435982, 0.031831644
-0.012267277, -0.021060593, 0.025348552, -0.027331984, 0.034146808, -0.040316943, 0.026245207, -0.034192953, 0.040848568
-0.010313501, -0.021970173, 0.02724521, -0.02958937, 0.03713134, -0.04189477, 0.023446467, -0.03738385, 0.04368401
-0.010744124, -0.021855831, 0.026956601, -0.02991567, 0.03636869, -0.04244321, 0.027719647, -0.03599427, 0.042616814
-0.011417057, -0.022396913, 0.028266737, -0.03054907, 0.038997706, -0.04208403, 0.028866721, -0.0324418, 0.04522518
-0.011269087, -0.01933981, 0.018885694, -0.023867143, 0.030584283, -0.036578193, 0.023618175, -0.029808132, 0.03847309
-0.01237246, -0.020634493, 0.025490513, -0.027558194, 0.034386244, -0.040306166, 0.026451178, -0.03466644, 0.041926496
-0.015376446, -0.026146993, 0.031677227, -0.03415925, 0.04276561, -0.048532303, 0.03283961, -0.042852104, 0.05282493
-0.013321726, -0.022730485, 0.027909249, -0.029978255, 0.037470654, -0.044538904, 0.02861797, -0.037522245, 0.044855062
-0.01378065, -0.023283439, 0.025731297, -0.030945916, 0.03615695, -0.045422394, 0.02778128, -0.040551692, 0.04673458
-0.006272145, -0.019952126, 0.023352422, -0.026662568, 0.032734886, -0.038304023, 0.024554117, -0.034131, 0.03990508
-0.014403055, -0.02233052, 0.026309613, -0.02841615, 0.035524398, -0.037705798, 0.03104529, -0.03743263, 0.038481355
-0.0143683925, -0.018054526, 0.022318637, -0.025553629, 0.032162912, -0.03506747, 0.026557213, -0.033342715, 0.037357662
-0.017709682, -0.023830947, 0.027759463, -0.030900296, 0.039282545, -0.04580407, 0.028224815, -0.035419047, 0.04734858
-0.010120302, -0.018626383, 0.02250549, -0.02423856, 0.031170635, -0.033446327, 0.023529546, -0.030620096, 0.037168503
-0.00998537, -0.017594066, 0.021416621, -0.022869674, 0.028881004, -0.034181137, 0.022149503, -0.029098893, 0.03540018
-0.012699647, -0.02206119, 0.027222818, -0.02887153, 0.036367517, -0.04372245, 0.027197108, -0.036589798, 0.043487627
-0.01183666, -0.019702287, 0.02593597, -0.028180437, 0.034619037, -0.042160276, 0.026850767, -0.033465046, 0.042622205
-0.013114057, -0.02556677, 0.029663416, -0.034401443, 0.042103626, -0.04938302, 0.032463115, -0.042802036, 0.051326096
-0.013997041, -0.023691084, 0.032029863, -0.034892984, 0.04253755, -0.05247881, 0.033150975, -0.04393641, 0.05128319
-0.012711103, -0.024839887, 0.030380778, -0.032470006, 0.04189983, -0.048865996, 0.031100795, -0.042932305, 0.050537203
-0.009118809, -0.01728883, 0.021123877, -0.022444235, 0.028602522, -0.03169231, 0.024661692, -0.027934609, 0.034240186
-0.010356167, -0.020041121, 0.024329282, -0.02735986, 0.03269902, -0.038445406, 0.025563736, -0.03409286, 0.036399838
-0.015068058, -0.027881851, 0.03419108, -0.036436517, 0.046182837, -0.05229154, 0.036266126, -0.047586128, 0.054522946
-0.01116843, -0.020743264, 0.025626322, -0.02969581, 0.035345346, -0.039795063, 0.026634682, -0.032453388, 0.040840205
-0.0069993166, -0.015466851, 0.019859249, -0.021107692, 0.026301788, -0.029857162, 0.018575285, -0.027815795, 0.03118428
-0.01045313, -0.019679414, 0.024079949, -0.02649181, 0.032514017, -0.0378241, 0.02453685, -0.03302911, 0.038320523
-0.011012086, -0.01969047, 0.027200662, -0.026299646, 0.035065863, -0.045172505, 0.027004823, -0.038331904, 0.044529956
-0.011775236, -0.02371384, 0.029159576, -0.033963565, 0.038609907, -0.04526841, 0.031706296, -0.039508604, 0.047625948
-0.009545122, -0.01837745, 0.022688895, -0.02515507, 0.030159453, -0.036191124, 0.023823852, -0.031214567, 0.03766495
-0.010009233, -0.019765206, 0.024303837, -0.02669098, 0.032761697, -0.03679585, 0.024129342, -0.033361472, 0.03975012
-0.01257892, -0.02429895, 0.029302957, -0.03320551, 0.038747255, -0.047119807, 0.031211304, -0.041836224, 0.047291216
-0.010905134, -0.01844781, 0.022494484, -0.024095798, 0.03034034, -0.03552675, 0.023434456, -0.030740758, 0.036899284
-0.01666267, -0.028892312, 0.034320842, -0.037758254, 0.046398956, -0.056606147, 0.036578983, -0.04596771, 0.05891816
-0.012812515, -0.022138294, 0.026803043, -0.028929217, 0.03608968, -0.042632848, 0.027836272, -0.036283955, 0.043090455
-0.015889235, -0.028418014, 0.034284465, -0.03686606, 0.046394672, -0.054250676, 0.035515744, -0.044383124, 0.05857193
