-0.004206285, -0.016391503, -0.03805073, 0.041641213, -0.020766458, -0.008504037, 0.027807632, 0.0001999671, -0.03154704
-0.013742765, -0.023906931, 0.028966635, -0.03143396, 0.03909167, -0.045906976, 0.029962808, -0.039043408, 0.047952004
-0.015548584, -0.025711637, 0.026838956, -0.028998097, 0.034317378, -0.041060425, 0.027056146, -0.036426555, 0.04320431
-0.014668491, -0.024361057, 0.03038911, -0.030606765, 0.041535836, -0.04828802, 0.03177178, -0.039641652, 0.05080149
-0.010697423, -0.020845419, 0.025565175, -0.028030083, 0.03422929, -0.040045746, 0.026265604, -0.0344492, 0.041462805
-0.009987287, -0.018868644, 0.022921456, -0.025246488, 0.030877555, -0.035865117, 0.02369975, -0.03098834, 0.03729324
-0.011557016, -0.02111391, 0.025061553, -0.026661951, 0.03288015, -0.039725073, 0.026516763, -0.033725005, 0.03930923
-0.013704858, -0.024885813, 0.030372914, -0.03278977, 0.04103019, -0.04812882, 0.03183548, -0.041220967, 0.049281217
-0.011998813, -0.022300126, 0.027404048, -0.029924264, 0.03665302, -0.04310876, 0.028445018, -0.03712918, 0.044683993
-0.0135272825, -0.023794837, 0.028889239, -0.030914223, 0.03872694, -0.045902524, 0.029672012, -0.0387985, 0.047447685
-0.01115293, -0.018980108, 0.022841768, -0.024536442, 0.03094964, -0.03639122, 0.023748053, -0.030641994, 0.037973613
