0.015347874, -0.023168707, -0.0034923884, 0.008688576, 0.06546373, -0.037084214, -0.0023956145, 0.0020914648, -0.04688637, 0.014330158
-0.020985086, -0.020504348, -0.050906252, -0.009802016, 0.04759189, -0.061080497, -0.0010763828, -0.034172952, -0.031967066, -0.019093808
-0.016296415, -0.015913477, -0.03947235, -0.0066430806, 0.03530519, -0.043254185, -0.002322503, -0.027744299, -0.025386235, -0.014186069
-0.021653889, -0.02100922, -0.05156268, -0.009629689, 0.04450039, -0.06274849, -0.0026211338, -0.034730278, -0.03286883, -0.018971788
-0.014491796, -0.014075304, -0.034409408, -0.0062488336, 0.03058695, -0.042014375, -0.0019201237, -0.023383798, -0.021998582, -0.012728165
-0.020050019, -0.019988347, -0.04605981, -0.008500482, 0.04078006, -0.054092243, -0.0017619818, -0.032217164, -0.029365811, -0.017075866
-0.014838409, -0.013808226, -0.033193965, -0.0061945003, 0.031433407, -0.038964476, -0.0015520587, -0.022699269, -0.02065586, -0.012342814
-0.017956283, -0.015052551, -0.032260362, -0.007154245, 0.035373103, -0.04229578, -0.0028245104, -0.024895826, -0.023519907, -0.013313554
-0.016876385, -0.014131473, -0.031608816, -0.00678363, 0.029820643, -0.04209815, -0.0026908778, -0.023625962, -0.022854112, -0.012593964
-0.021864701, -0.017557256, -0.041390844, -0.007928725, 0.037894372, -0.050714467, -0.0015798435, -0.029008083, -0.027324274, -0.015761787
-0.01959524, -0.019298572, -0.04683478, -0.008452112, 0.04132879, -0.054429088, -0.0009429491, -0.03210251, -0.030176463, -0.017410908
-0.020448226, -0.018913966, -0.04874089, -0.008268159, 0.04112886, -0.05421611, -0.0026135952, -0.032160014, -0.029009078, -0.017511593
-0.017865991, -0.017708914, -0.042585354, -0.007278779, 0.03834835, -0.052446164, -0.0017857495, -0.028781803, -0.02765691, -0.01610449
-0.017357688, -0.016436277, -0.038637917, -0.008679925, 0.035354067, -0.049919073, -0.0021783358, -0.027846742, -0.025750019, -0.014699774
-0.021723853, -0.019843372, -0.045884974, -0.0032992, 0.0415017, -0.051605437, -0.0013822296, -0.031040674, -0.037444543, -0.018352063
-0.016891466, -0.015495099, -0.03991878, -0.007261735, 0.036834717, -0.048874922, -0.0010882654, -0.027560532, -0.025262458, -0.015048544
-0.01963939, -0.020088054, -0.04562255, -0.0077892463, 0.04185961, -0.05684861, -0.0017383893, -0.032276884, -0.030856326, -0.017598556
-0.016934808, -0.016771406, -0.03890653, -0.007532025, 0.037338562, -0.048672218, -0.00060755596, -0.027790913, -0.026669167, -0.015188299
-0.017092822, -0.017193113, -0.039660938, -0.0067986185, 0.036773268, -0.049338296, -0.0015131522, -0.027954238, -0.02630345, -0.015288402
-0.025065763, -0.023462066, -0.058751825, -0.010875962, 0.05221384, -0.07055691, -0.0038803744, -0.039148595, -0.037036803, -0.021057684
-0.018155772, -0.0170376, -0.042025767, -0.00813373, 0.037435107, -0.050749984, -0.0028524022, -0.028548174, -0.026761863, -0.01542909
-0.024497405, -0.022883989, -0.057213947, -0.010869212, 0.051058713, -0.06801497, -0.0036999928, -0.03852506, -0.034536313, -0.02082931
-0.018586392, -0.016988289, -0.042366665, -0.008029004, 0.03813688, -0.049085334, -0.002632647, -0.028621262, -0.026918706, -0.015502629
-0.01917166, -0.018059509, -0.045073386, -0.008451157, 0.039321292, -0.053106043, -0.0024215155, -0.03023412, -0.028230306, -0.01639656
-0.01665522, -0.016490879, -0.039467372, -0.0077465745, 0.03367019, -0.0506554, -0.0024595796, -0.027566137, -0.025507566, -0.014761311
-0.023153862, -0.02125835, -0.05192399, -0.009852275, 0.046534523, -0.06447805, -0.0011576915, -0.03600327, -0.033948373, -0.01960994
-0.019509418, -0.018898074, -0.046265267, -0.008670261, 0.04182985, -0.05646294, -0.0035768482, -0.031730093, -0.029865908, -0.017366009
-0.018708328, -0.018734528, -0.045174547, -0.008546042, 0.040452696, -0.053388093, -0.0024447318, -0.030591117, -0.029142471, -0.01651768
-0.018071609, -0.016495412, -0.04246788, -0.007902459, 0.039022464, -0.051539805, -0.0004915087, -0.029269835, -0.02745359, -0.015948804
-0.020445604, -0.018803557, -0.04846947, -0.008341311, 0.043875843, -0.058863647, -0.0008485283, -0.03356635, -0.03132404, -0.018337814
-0.019641038, -0.018787483, -0.045828674, -0.008711336, 0.040494025, -0.055121817, -0.0023915814, -0.031217465, -0.02920745, -0.016826164
-0.023181628, -0.021900643, -0.0491228, -0.009605756, 0.04517187, -0.05789623, -0.0037606345, -0.033522546, -0.03146497, -0.018089417
-0.02518044, -0.02636253, -0.062307347, -0.011822806, 0.055238068, -0.072954446, -0.0048251543, -0.041424777, -0.036004063, -0.022337109
-0.022781953, -0.018734472, -0.044497717, -0.008899709, 0.04146472, -0.054898098, -0.0040953737, -0.030959351, -0.028262889, -0.016702337
-0.01678152, -0.014474932, -0.036274143, -0.006907241, 0.032031797, -0.041118458, -0.0029428068, -0.02405262, -0.022594724, -0.012934122
-0.014423415, -0.013807762, -0.031202635, -0.006075484, 0.02997052, -0.043007176, -0.0018544364, -0.023306023, -0.02180558, -0.012591124
-0.022779582, -0.021009775, -0.050952215, -0.009636426, 0.04606394, -0.05983927, -0.0030812114, -0.034249544, -0.031259302, -0.018657653
-0.023683285, -0.020855755, -0.053234506, -0.010046356, 0.046703633, -0.0630701, -0.0025881254, -0.036208004, -0.033919074, -0.019574918
-0.020264372, -0.020206716, -0.04715715, -0.008960287, 0.042161614, -0.058226332, -0.0013074024, -0.03279734, -0.030677833, -0.017823333
-0.016549211, -0.016046131, -0.038918864, -0.0065780436, 0.035783656, -0.03990358, -0.0028246199, -0.026682958, -0.025297677, -0.014117499
-0.018623218, -0.018086592, -0.039051626, -0.007886265, 0.03492587, -0.057611857, -0.00221293, -0.030422404, -0.028543806, -0.016289005
-0.013998322, -0.015971227, -0.036240794, -0.0058746506, 0.02950817, -0.037468944, -0.0021852993, -0.022417864, -0.021322394, -0.012581291
-0.021587621, -0.021279935, -0.05112812, -0.009498479, 0.04543919, -0.062065996, -0.0009845187, -0.035189673, -0.032696117, -0.019153295
-0.017453114, -0.017392185, -0.040323053, -0.0075922487, 0.03669045, -0.049122706, -0.0007850385, -0.027722294, -0.026111826, -0.015165646
-0.018645454, -0.019132761, -0.044328384, -0.008285228, 0.039636627, -0.053636007, -0.0006582122, -0.030581668, -0.028618636, -0.016660322
-0.01814662, -0.018773055, -0.04211748, -0.007988981, 0.038775686, -0.05203148, -0.0016834234, -0.029375913, -0.027647862, -0.016041236
-0.018878119, -0.016070716, -0.038994387, -0.008274577, 0.03256906, -0.049584527, -0.0032713697, -0.03135187, -0.02603288, -0.014996926
-0.021479482, -0.021492505, -0.050757065, -0.009514885, 0.04473155, -0.061537366, -0.0011586478, -0.03483974, -0.032603513, -0.018975018
-0.017994432, -0.017207295, -0.042898115, -0.0077821207, 0.039011117, -0.052031558, -0.0003435074, -0.029530602, -0.027667498, -0.016083414
-0.019308934, -0.018461965, -0.04557741, -0.008413853, 0.04181872, -0.054686755, -0.00037145166, -0.031300105, -0.02933819, -0.017073521
-0.013607173, -0.0132109905, -0.032196138, -0.00606561, 0.029121595, -0.03881843, -0.00088477856, -0.022064473, -0.020680422, -0.012054217
-0.020562477, -0.0205635, -0.048666388, -0.009115855, 0.04466089, -0.05726055, -0.0015134946, -0.033445194, -0.03155657, -0.018214898
-0.016018359, -0.016494019, -0.037601337, -0.0070562563, 0.033521384, -0.045138873, -0.001121518, -0.025705826, -0.02417361, -0.013995665
-0.017263245, -0.01684498, -0.039854474, -0.007671716, 0.037269462, -0.049499005, -0.0011609198, -0.028194996, -0.026717538, -0.015425211
-0.020159733, -0.019810863, -0.04744525, -0.008863775, 0.042883515, -0.05726445, -0.00057791366, -0.032367192, -0.0304749, -0.017709872
-0.01895228, -0.0183634, -0.044618, -0.008290641, 0.038887214, -0.053756468, -0.0014948108, -0.030411579, -0.028596448, -0.016553981
-0.022507582, -0.02320403, -0.05294416, -0.009843082, 0.046279564, -0.06415282, -0.0017107055, -0.03629021, -0.034098454, -0.019777104
-0.016937302, -0.016461026, -0.03663628, -0.007909962, 0.03670961, -0.050636265, -0.002483982, -0.027729418, -0.025920836, -0.0147695495
-0.015661217, -0.015383838, -0.038006246, -0.007131958, 0.036453236, -0.045925982, -0.00046637203, -0.026671378, -0.02403948, -0.014680586
-0.016389882, -0.015982531, -0.037397597, -0.007452842, 0.034242, -0.048619658, -0.0015243007, -0.027406417, -0.025435176, -0.014778451
-0.017633682, -0.016617857, -0.03956697, -0.007519009, 0.03654125, -0.04673754, -0.0011077821, -0.027328188, -0.025632793, -0.014796218
-0.0187942, -0.017756773, -0.04534968, -0.0083709825, 0.039689183, -0.051219475, -0.0026384476, -0.029412087, -0.027863055, -0.01611844
-0.0144607965, -0.0134079, -0.03459124, -0.0069510154, 0.029771024, -0.038756814, -0.0027552005, -0.021709288, -0.020443952, -0.008981242
-0.011067299, -0.010404919, -0.028812721, -0.0051896027, 0.023421632, -0.0299981, -0.0019100512, -0.016487757, -0.015436313, -0.008898607
-0.016623233, -0.014229281, -0.035771627, -0.007086318, 0.028937025, -0.04260617, -0.0028125127, -0.022219982, -0.02027956, -0.012245315
-0.01751672, -0.01599509, -0.043226313, -0.007831654, 0.035984524, -0.04455869, -0.0031000688, -0.026301337, -0.024697855, -0.014197261
-0.017412832, -0.0148417475, -0.046088852, -0.00860542, 0.035803474, -0.050358515, -0.003237779, -0.024762757, -0.023412336, -0.014158145
-0.02061698, -0.0189654, -0.05250912, -0.00962562, 0.04077835, -0.057517122, -0.004214319, -0.027369244, -0.02726149, -0.014839042
-0.014077333, -0.013590846, -0.030086873, -0.005894096, 0.02972194, -0.039773665, -0.0017979101, -0.022825781, -0.021881007, -0.012151856
-0.021463167, -0.019861052, -0.056029323, -0.010418012, 0.04344463, -0.059801288, -0.006475691, -0.027582219, -0.02735587, -0.013245864
-0.014152684, -0.01350736, -0.033575773, -0.0064646965, 0.030998904, -0.040606163, -0.00076862855, -0.023302386, -0.021779831, -0.012547148
-0.011814475, -0.01190807, -0.028820978, -0.0055737454, 0.0267724, -0.035372432, -0.0015765878, -0.020159548, -0.018892478, -0.010937272
-0.014796769, -0.013975417, -0.03490374, -0.0065624393, 0.0314978, -0.040022347, -0.0005858929, -0.023921551, -0.022335697, -0.012877422
-0.017913744, -0.01924829, -0.046970785, -0.008948858, 0.042455856, -0.056271434, -0.0011900781, -0.033303387, -0.030302944, -0.017826667
-0.012951187, -0.0136319725, -0.031215211, -0.005951281, 0.029196521, -0.037427716, -0.0012084746, -0.021742454, -0.020019935, -0.011815751
-0.019252285, -0.020236116, -0.047813617, -0.009132386, 0.04485777, -0.057393182, -0.00095721614, -0.033179868, -0.030773688, -0.017913183
-0.02034052, -0.02023977, -0.05022584, -0.009617864, 0.04648508, -0.059166986, -0.0018169973, -0.035055872, -0.03200954, -0.018848648
-0.017009104, -0.01676536, -0.042626847, -0.008267742, 0.039173923, -0.0513209, -0.00091850484, -0.029640818, -0.027291955, -0.016103903
-0.018816326, -0.018582465, -0.0466172, -0.009032825, 0.04183301, -0.0558578, -0.00053682755, -0.032485846, -0.02989742, -0.017645191
-0.01493816, -0.013742412, -0.033978835, -0.00660855, 0.028984498, -0.041230388, -0.002078882, -0.023137689, -0.021368401, -0.012367304
-0.014762422, -0.0146309035, -0.03663982, -0.0070581636, 0.033842735, -0.043725036, -0.0010928856, -0.025248302, -0.023312673, -0.013765474
-0.018704643, -0.01843213, -0.046510857, -0.009133883, 0.041438412, -0.05617942, -0.00086310686, -0.032211218, -0.029825168, -0.017500062
-0.023094673, -0.022967396, -0.058323774, -0.011210565, 0.0528953, -0.07036098, -0.0023361163, -0.040491488, -0.037469752, -0.02188863
-0.016659787, -0.016508492, -0.042617522, -0.0076330085, 0.036920432, -0.04372144, -0.0018565425, -0.028794747, -0.02671352, -0.015174425
-0.015824113, -0.014348971, -0.039649066, -0.010070466, 0.03378912, -0.04124481, -0.001689613, -0.026075961, -0.024505142, -0.01381121
-0.017751003, -0.017364, -0.04081109, -0.008208625, 0.0371637, -0.047751244, -0.001794735, -0.03460784, -0.029871767, -0.016248975
-0.012369332, -0.012175272, -0.030135047, -0.0066485163, 0.026183393, -0.0359959, -0.0012425075, -0.021667162, -0.018811364, -0.011436068
-0.016729863, -0.015603346, -0.039693248, -0.007657966, 0.03844328, -0.048565343, -0.0018419301, -0.028265076, -0.026556779, -0.015415707
-0.010770063, -0.012346731, -0.030374492, -0.00594517, 0.028275866, -0.036711514, -0.0019365826, -0.020252101, -0.019609546, -0.011268335
-0.012903665, -0.012887024, -0.029807316, -0.005883595, 0.030384762, -0.039106615, -0.001278652, -0.019662693, -0.02087909, -0.011989045
-0.017658493, -0.01724388, -0.042847376, -0.007971367, 0.03672975, -0.052127082, -0.0020853863, -0.028105099, -0.027442874, -0.015834546
-0.01789698, -0.017660348, -0.04391168, -0.008686907, 0.03886712, -0.053255837, -0.0017854526, -0.027176563, -0.02827417, -0.016445901
-0.016802007, -0.01678271, -0.039418615, -0.0079100635, 0.03944787, -0.04882512, -0.0017829413, -0.029152038, -0.026750963, -0.015599202
-0.021072906, -0.02103916, -0.047808237, -0.009942147, 0.047953393, -0.06400838, -0.0023829828, -0.03704916, -0.03129891, -0.019590849
-0.014652951, -0.014922732, -0.035960622, -0.007011793, 0.03133697, -0.04640421, -0.00067386363, -0.025065597, -0.02333472, -0.0142162405
-0.018103866, -0.017677618, -0.044253696, -0.008385949, 0.040195245, -0.05169737, -0.002235534, -0.029817995, -0.027788933, -0.016296435
-0.015026594, -0.014047369, -0.033993162, -0.006730191, 0.031283855, -0.04170817, -0.0026924561, -0.023167778, -0.021935219, -0.012662505
-0.020883687, -0.021394126, -0.052317187, -0.010152425, 0.04868892, -0.063867435, -0.001524695, -0.036925286, -0.033231422, -0.019957667
-0.016013928, -0.016119184, -0.03835959, -0.0076863826, 0.0346214, -0.04888964, -0.0012113999, -0.028101394, -0.026618302, -0.015125408
-0.020330217, -0.019939817, -0.047975324, -0.009024326, 0.04450535, -0.060222413, -0.0022748325, -0.033784308, -0.031628847, -0.018343478
-0.008889218, -0.0088665625, -0.021884015, -0.0038873674, 0.019587101, -0.026608545, -0.0009513434, -0.014973083, -0.014028021, -0.008147778
-0.019070914, -0.017776702, -0.045491364, -0.008350944, 0.040365197, -0.048361465, -0.0022953728, -0.029674275, -0.028182011, -0.015990833
-0.016837355, -0.017031621, -0.04061254, -0.007689143, 0.037696343, -0.05163082, -0.0016723748, -0.029160855, -0.027081966, -0.015808154
-0.016071808, -0.016092528, -0.039515857, -0.0072232503, 0.03507261, -0.04859223, -0.0014575184, -0.027302213, -0.024817847, -0.015039253
-0.020970238, -0.021296121, -0.051913783, -0.0099377185, 0.04582372, -0.06327139, -0.0023360052, -0.036339585, -0.03492181, -0.019607656
-0.017187648, -0.017114446, -0.041223366, -0.0074475957, 0.03908057, -0.050691538, -0.0020404167, -0.029196765, -0.027027557, -0.01577089
-0.012270083, -0.011573872, -0.030436032, -0.005461204, 0.027870623, -0.03763779, -0.0010914906, -0.021685796, -0.019913292, -0.011559905
-0.017283447, -0.015284194, -0.040269047, -0.007906234, 0.037506126, -0.049762804, -0.002197053, -0.028168783, -0.026183188, -0.015077684
-0.015326992, -0.014946003, -0.03743389, -0.0069815777, 0.03295848, -0.042643115, -0.001915811, -0.02560621, -0.023930069, -0.0139308
-0.019316213, -0.01844633, -0.0454407, -0.008897635, 0.042272408, -0.055591967, -0.0024442512, -0.03140835, -0.029339096, -0.017083915
-0.020903103, -0.020668807, -0.05198087, -0.0100334175, 0.04840474, -0.060796656, -0.00041423485, -0.03888229, -0.033557378, -0.020162236
-0.017856244, -0.018178072, -0.04312125, -0.008209233, 0.041196756, -0.051481843, -0.0010290992, -0.030577017, -0.027783608, -0.016732847
-0.013736745, -0.013051818, -0.028823772, -0.0057894103, 0.02760372, -0.037867863, -0.0017052105, -0.021596255, -0.01984027, -0.011220621
-0.016444374, -0.015750699, -0.035674665, -0.007163666, 0.03432123, -0.048315827, -0.0017692891, -0.026434582, -0.024788205, -0.0143476
-0.015900213, -0.016598921, -0.038637403, -0.007331505, 0.03668487, -0.04837909, -0.0005958419, -0.026664147, -0.026540212, -0.01517733
-0.018402148, -0.01869441, -0.045503307, -0.008910908, 0.04436812, -0.055828083, -0.000807509, -0.031910636, -0.029962732, -0.017670402
-0.015865885, -0.015824722, -0.038889028, -0.007489325, 0.03753694, -0.04574405, -0.0010371987, -0.027214086, -0.025220556, -0.014898195
-0.017085986, -0.017323857, -0.04260745, -0.008051647, 0.039661374, -0.052190453, -0.00070355774, -0.029825527, -0.027695188, -0.016244587
-0.014113329, -0.014276474, -0.03454565, -0.0065483246, 0.03150949, -0.042692523, -0.0007146861, -0.024339465, -0.022611616, -0.013274206
-0.018876785, -0.018828377, -0.046925016, -0.008866997, 0.042084195, -0.058689736, -0.0005274514, -0.032901056, -0.030394118, -0.018212227
-0.0193145, -0.019393155, -0.04549428, -0.008759129, 0.043544, -0.057253443, -0.0012909245, -0.033113275, -0.030544352, -0.018035121
-0.013984302, -0.013099765, -0.03450594, -0.0067287036, 0.032333914, -0.04190287, -0.00062255963, -0.024154421, -0.022450916, -0.013042312
-0.019421171, -0.019208627, -0.04636492, -0.009026755, 0.04573385, -0.055731505, -0.0012361052, -0.033045422, -0.030531263, -0.01800392
-0.021367798, -0.021983253, -0.05295801, -0.009797973, 0.045345638, -0.06519912, -0.0014623215, -0.037063528, -0.034471385, -0.0204556
-0.021793146, -0.019166442, -0.04409078, -0.009330648, 0.043867446, -0.05859514, -0.003268106, -0.03093806, -0.029792828, -0.017170377
-0.01690157, -0.016097926, -0.04046005, -0.007534295, 0.03606384, -0.046567865, -0.002425744, -0.026768144, -0.025227357, -0.014612376
-0.017676543, -0.016398491, -0.040348098, -0.007846673, 0.03616129, -0.04898057, -0.003444488, -0.027252685, -0.02563042, -0.014778247
-0.015876215, -0.014484644, -0.03561977, -0.006690829, 0.032207657, -0.04243276, -0.0022282146, -0.024000296, -0.021193, -0.013010368
-0.01652492, -0.014133243, -0.036365457, -0.006867826, 0.032003563, -0.043910503, -0.0027351808, -0.024462359, -0.023482898, -0.013217135
-0.018228924, -0.016765807, -0.04112229, -0.0077566328, 0.035840724, -0.049677514, -0.0030290277, -0.027687673, -0.025125546, -0.015043234
-0.020293014, -0.017648729, -0.046116095, -0.008836385, 0.040835686, -0.054120887, -0.0037666413, -0.030475574, -0.028600607, -0.016359936
-0.017102212, -0.016225839, -0.0401741, -0.007553457, 0.035811845, -0.046406873, -0.002496353, -0.026741957, -0.025004398, -0.0143294
-0.020696348, -0.019034356, -0.04699583, -0.009198722, 0.04244451, -0.056485374, -0.0042874324, -0.0316528, -0.02954896, -0.017045006
-0.021527825, -0.019203627, -0.048076738, -0.009286697, 0.042512197, -0.056504257, -0.0040493817, -0.031566527, -0.029508581, -0.01721311
-0.018958148, -0.019140227, -0.04691369, -0.008952723, 0.04205564, -0.054244503, -0.0038050252, -0.03138733, -0.030674396, -0.016874492
-0.018143538, -0.01797055, -0.04488557, -0.008521827, 0.040929437, -0.051183887, -0.0017786945, -0.031343084, -0.028528547, -0.016227124
-0.018206008, -0.016414061, -0.041031107, -0.007771641, 0.03661888, -0.047111582, -0.0036949571, -0.026981909, -0.02561308, -0.014759078
-0.019831656, -0.01844731, -0.0463151, -0.008863165, 0.04153165, -0.05466264, -0.0024965252, -0.030698083, -0.027702589, -0.016317489
-0.013077128, -0.0123135345, -0.031303316, -0.0058601736, 0.02837557, -0.03523136, -0.0018503581, -0.020711, -0.019438334, -0.011229625
-0.014356279, -0.013225125, -0.032409742, -0.0062711313, 0.02952113, -0.039242048, -0.0021897275, -0.021854755, -0.020728499, -0.011946717
-0.022265822, -0.021039663, -0.05124101, -0.009719705, 0.050224505, -0.059376426, -0.00332103, -0.034843504, -0.03283974, -0.018974654
-0.018520089, -0.017081674, -0.04164319, -0.007747664, 0.037576012, -0.049440213, -0.0030320387, -0.028034244, -0.0265963, -0.014992408
-0.023505768, -0.021462956, -0.051511876, -0.010285747, 0.047728196, -0.06451118, -0.004193204, -0.03552273, -0.03349078, -0.01931726
-0.020714907, -0.018870663, -0.048367642, -0.009042834, 0.042252775, -0.053849116, -0.0036498937, -0.031093853, -0.029471707, -0.016812041
-0.018031249, -0.016198117, -0.040704142, -0.00768436, 0.035704482, -0.04769507, -0.0028187118, -0.026753291, -0.02476067, -0.014428519
-0.015727678, -0.013530758, -0.035397243, -0.0066682706, 0.030869376, -0.04139542, -0.0025649702, -0.02350851, -0.022091463, -0.012788857
-0.022749227, -0.018137375, -0.044070385, -0.008327829, 0.043354344, -0.059155807, -0.0034500542, -0.033353906, -0.02991751, -0.016895592
-0.019792313, -0.016558772, -0.04489417, -0.008645833, 0.04024727, -0.0534114, -0.0032345762, -0.030141683, -0.02824143, -0.016308239
-0.023800103, -0.019488255, -0.048983004, -0.009189744, 0.043877907, -0.05600079, -0.003196334, -0.032476548, -0.030227687, -0.017646296
-0.017914243, -0.01668107, -0.04086226, -0.007979076, 0.037620638, -0.049348503, -0.0034238005, -0.027562633, -0.02611131, -0.01486613
-0.018676132, -0.017123748, -0.040737428, -0.008001979, 0.037655693, -0.050213505, -0.0028346498, -0.028214311, -0.026697326, -0.015258161
-0.012960366, -0.011769035, -0.030086054, -0.0056375912, 0.02773613, -0.034346405, -0.0018440542, -0.01998027, -0.018942345, -0.010845444
-0.0164293, -0.015360576, -0.03840132, -0.0072197644, 0.034160234, -0.045733955, -0.0024882, -0.025606344, -0.023242798, -0.013948299
-0.018735608, -0.015211921, -0.043451976, -0.008304131, 0.038115945, -0.051728543, -0.0052167373, -0.028923744, -0.027214445, -0.015796082
-0.020250231, -0.018601988, -0.046647042, -0.00918608, 0.03860914, -0.060096253, -0.0029854788, -0.03143166, -0.029474508, -0.017283257
-0.02488472, -0.020878602, -0.046198145, -0.00952284, 0.04454762, -0.062389612, -0.0030709438, -0.03411065, -0.030867564, -0.018495735
-0.016450707, -0.014841552, -0.035660587, -0.0068060756, 0.032070614, -0.040104493, -0.0015877886, -0.023963956, -0.022543095, -0.012952702
-0.021428457, -0.021132013, -0.05065571, -0.009982798, 0.047859106, -0.063389435, -0.0020602604, -0.03614504, -0.032799177, -0.019477658
-0.021155769, -0.023801232, -0.04776121, -0.0094113555, 0.046899598, -0.05415502, -0.0031318471, -0.033406958, -0.032520395, -0.018040663
-0.019540446, -0.017620202, -0.053855825, -0.009417902, 0.041840423, -0.053440645, -0.00077751116, -0.02913974, -0.029636135, -0.017501712
-0.016701411, -0.015869936, -0.036668237, -0.0076452903, 0.034979474, -0.050578646, -0.0027400088, -0.026357867, -0.025077065, -0.014642959
-0.014708237, -0.016885817, -0.041154325, -0.008147487, 0.03735569, -0.05156997, -0.0028757923, -0.028134953, -0.026770795, -0.015410853
-0.010633986, -0.010455695, -0.02705434, -0.0051479996, 0.024702137, -0.03232501, -0.001329042, -0.018474665, -0.017743535, -0.010003913
-0.016022673, -0.01554524, -0.036594205, -0.0072188037, 0.03430708, -0.046563536, -0.0019864454, -0.026248284, -0.024242196, -0.013562534
-0.015899891, -0.015302666, -0.03672025, -0.0069527146, 0.03546653, -0.04070816, -0.0016975972, -0.025582667, -0.023972409, -0.013722926
-0.015209916, -0.014189953, -0.037052587, -0.0069827023, 0.03166112, -0.04367728, -0.0026616128, -0.02382631, -0.01998781, -0.013070443
-0.01355726, -0.011973916, -0.03241696, -0.0063961833, 0.026288386, -0.03969881, -0.0054902714, -0.02097243, -0.019494027, -0.011604065
-0.020000584, -0.0184646, -0.046947833, -0.008720122, 0.04076262, -0.05350615, -0.002938041, -0.03103925, -0.028883088, -0.016783332
-0.017372644, -0.017427767, -0.042730633, -0.008155174, 0.04018131, -0.05104429, -0.0013386274, -0.029801661, -0.02688484, -0.01620912
-0.018098583, -0.016861638, -0.041411053, -0.007995331, 0.037383594, -0.050372556, -0.0033805945, -0.028268365, -0.026381621, -0.015253598
-0.023477323, -0.020773109, -0.05198542, -0.009994729, 0.045446157, -0.06207949, -0.003638631, -0.035132892, -0.03263822, -0.01889596
-0.02368438, -0.021853793, -0.05454616, -0.010453546, 0.047597874, -0.06554623, -0.0037678042, -0.03677961, -0.034382243, -0.019628678
-0.020236693, -0.018997418, -0.045993406, -0.009038776, 0.042315725, -0.056774396, -0.003165742, -0.031812105, -0.02975875, -0.0172267
-0.018117707, -0.016505761, -0.039678916, -0.0078197075, 0.0366566, -0.049186625, -0.002872227, -0.02767897, -0.0258931, -0.014969492
-0.018754847, -0.017916167, -0.045436848, -0.008569874, 0.039396156, -0.05262385, -0.0025342829, -0.030304212, -0.028289651, -0.016425487
-0.021051446, -0.020099465, -0.050845463, -0.00963588, 0.044158947, -0.059875254, -0.002856578, -0.03399755, -0.031154409, -0.018441316
-0.018288808, -0.017361267, -0.04179495, -0.008371618, 0.038937617, -0.051814653, -0.002489559, -0.02937599, -0.027630458, -0.015882554
-0.012568134, -0.012265241, -0.030745257, -0.0060033374, 0.027775118, -0.036769263, -0.0033278093, -0.020684063, -0.019135596, -0.011128078
-0.02039104, -0.0189846, -0.048184916, -0.009327724, 0.043645136, -0.05784382, -0.0026787499, -0.032148752, -0.030960951, -0.017798834
-0.020797113, -0.022185888, -0.0547994, -0.010502708, 0.049773376, -0.066065595, -0.0021701276, -0.037791554, -0.03520861, -0.020583205
-0.020639287, -0.017930163, -0.042141654, -0.00834223, 0.039140616, -0.05504936, -0.0026749037, -0.030174477, -0.027368743, -0.016246546
-0.020084614, -0.019475626, -0.048726946, -0.00897394, 0.044640724, -0.057662517, 0.0011064751, -0.032992207, -0.027589614, -0.016248893
-0.017749302, -0.016414307, -0.036957473, -0.0076166647, 0.036352042, -0.050329514, -0.0024215265, -0.027654445, -0.02563352, -0.014973406
-0.020259699, -0.017998861, -0.043845046, -0.008486497, 0.04063382, -0.052149758, -0.0030190179, -0.030165099, -0.02822512, -0.016295113
-0.02084708, -0.019408695, -0.047748026, -0.009099845, 0.043151736, -0.055955365, -0.0036761276, -0.03243575, -0.030167824, -0.017007535
-0.018267537, -0.016389718, -0.040802144, -0.007966242, 0.036369245, -0.047545277, -0.0030932142, -0.02724816, -0.023930848, -0.014638425
-0.022680134, -0.020124199, -0.050488353, -0.00970432, 0.04523621, -0.05965673, -0.0045492672, -0.034053348, -0.030562531, -0.0183915
-0.02020568, -0.01761923, -0.041812167, -0.008412369, 0.039043073, -0.051996414, -0.0031507912, -0.030752724, -0.027345916, -0.015901018
-0.018715037, -0.017067732, -0.04482702, -0.008349762, 0.03967233, -0.050831344, -0.0044588223, -0.029429799, -0.026761215, -0.015826477
-0.020112857, -0.016965551, -0.04184354, -0.008225577, 0.037903745, -0.048493627, -0.002769677, -0.028422141, -0.026486129, -0.015283916
-0.017447928, -0.018303286, -0.045086026, -0.008698527, 0.04115056, -0.05474494, -0.0014245574, -0.03143953, -0.029424958, -0.017169964
-0.018727442, -0.01804986, -0.043832816, -0.008312581, 0.0406278, -0.050577957, -0.0022203093, -0.030091578, -0.028040709, -0.016333356
-0.01773417, -0.01632275, -0.03968703, -0.007798005, 0.038875908, -0.047933627, -0.0018985474, -0.028163932, -0.025912417, -0.015244094
-0.019495457, -0.017032789, -0.04124261, -0.008033392, 0.037866272, -0.050345473, -0.0026957577, -0.028483387, -0.02568444, -0.015387671
-0.021510296, -0.019033378, -0.048111707, -0.009147451, 0.04251754, -0.05613382, -0.0036017608, -0.03180501, -0.02584329, -0.01715151
-0.020136839, -0.018397145, -0.045540318, -0.008650841, 0.040787928, -0.054540485, -0.003184306, -0.03094721, -0.027163504, -0.016781285
-0.014659395, -0.013734309, -0.034993026, -0.0063167326, 0.029900143, -0.039674036, -0.0021045785, -0.023125846, -0.021532819, -0.012540305
-0.016448624, -0.014740114, -0.036100253, -0.006981731, 0.031995736, -0.04383078, -0.0023697077, -0.024720384, -0.023133647, -0.01331291
-0.019408118, -0.017781958, -0.04059456, -0.007919116, 0.0374157, -0.049376674, -0.002513522, -0.028134616, -0.025510756, -0.01525546
-0.021941079, -0.019671258, -0.04794377, -0.009182105, 0.04477345, -0.056395497, -0.0058318996, -0.03285473, -0.030578302, -0.017790029
-0.020533033, -0.019694706, -0.04362352, -0.0090816105, 0.0436922, -0.058549736, -0.0020262615, -0.032905184, -0.031032741, -0.017784316
-0.02060555, -0.021240441, -0.053790186, -0.0102901915, 0.04876703, -0.06472769, -0.0022170441, -0.03715174, -0.034738433, -0.020348048
-0.018302012, -0.01706764, -0.043050937, -0.0074387924, 0.0378471, -0.051245112, -0.0031426842, -0.027350862, -0.026785728, -0.0146828955
-0.01739029, -0.016130513, -0.04271894, -0.007780188, 0.0363327, -0.0460921, -0.0026352722, -0.027542077, -0.025730751, -0.0147749
-0.017291129, -0.016155941, -0.040716954, -0.0077458587, 0.036928732, -0.046625394, -0.0029222493, -0.026918558, -0.025351308, -0.014553934
-0.019495977, -0.016033314, -0.042591758, -0.008128865, 0.038743272, -0.048465014, -0.0027231788, -0.02865173, -0.025448378, -0.015544309
-0.0145682385, -0.014475375, -0.036235277, -0.0067280834, 0.03193742, -0.043545146, -0.0023645533, -0.024330648, -0.02186078, -0.012834489
-0.013883781, -0.015460038, -0.03750399, -0.0066361264, 0.032326292, -0.041150793, -0.0026175932, -0.024188003, -0.020457936, -0.013201792
-0.02338098, -0.021821335, -0.05358408, -0.010393172, 0.048424408, -0.065520056, -0.0039066095, -0.03591674, -0.03395789, -0.019622844
-0.013787741, -0.012675256, -0.032011352, -0.006265064, 0.02833327, -0.037787493, -0.0037749747, -0.02130243, -0.019985331, -0.01100015
-0.015827889, -0.01432617, -0.039541256, -0.0070498553, 0.03308179, -0.037349246, -0.0027961954, -0.024113623, -0.022667442, -0.013028102
-0.016495163, -0.014274881, -0.03550305, -0.0072206245, 0.033021513, -0.04269797, -0.0032979203, -0.024266003, -0.022762218, -0.012897659
-0.022034781, -0.022788769, -0.05661978, -0.010873815, 0.05168605, -0.06823144, -0.00178212, -0.039355177, -0.036495175, -0.021249902
-0.019312799, -0.01780559, -0.0438249, -0.008606684, 0.04015893, -0.05347499, -0.0040731872, -0.029286092, -0.027761096, -0.01608506
-0.017822614, -0.018048367, -0.043419395, -0.0071912254, 0.03906627, -0.053285386, -0.0015412793, -0.029988782, -0.028129559, -0.016351307
-0.018434996, -0.017817644, -0.042171724, -0.0071214554, 0.034035422, -0.051749095, -0.0014730686, -0.028892964, -0.027292222, -0.01617405
-0.019132284, -0.018700916, -0.044973776, -0.008107052, 0.040046997, -0.056018338, -0.0016633654, -0.030805025, -0.027915975, -0.016982777
-0.020248728, -0.020292677, -0.048854973, -0.008982302, 0.042128146, -0.060518917, -0.0013438893, -0.03291731, -0.030712819, -0.01835061
-0.018924577, -0.018920034, -0.044009157, -0.0089487275, 0.04269182, -0.05685097, -0.0017203318, -0.03290892, -0.029517718, -0.017680665
-0.014912181, -0.014516151, -0.034871053, -0.0059857448, 0.030637031, -0.04330594, -0.0013669446, -0.02422134, -0.022709351, -0.013195239
-0.017093927, -0.017040424, -0.040532842, -0.0075372676, 0.03514981, -0.049878243, -0.0005102683, -0.027970845, -0.026329827, -0.0152309835
-0.019532522, -0.019336252, -0.045654897, -0.008492926, 0.0404547, -0.05745157, -0.0017221794, -0.0318151, -0.029920597, -0.01747831
-0.016729968, -0.016292762, -0.038078055, -0.0075666266, 0.03658857, -0.048579026, -0.0016391125, -0.027474888, -0.025956038, -0.014958894
-0.019754272, -0.018353904, -0.044958666, -0.00800873, 0.03856004, -0.04749063, -0.002268683, -0.030508723, -0.028665999, -0.015906282
-0.020841066, -0.02092171, -0.051942036, -0.009918374, 0.045129415, -0.062547915, -0.0021118715, -0.03576007, -0.033234354, -0.019794997
-0.018228255, -0.016598225, -0.043190908, -0.0072714095, 0.039171904, -0.052935973, -0.00082788925, -0.029469956, -0.028083965, -0.016433615
-0.02141865, -0.020933673, -0.049833514, -0.009304051, 0.044760894, -0.06380012, -0.001089734, -0.035229918, -0.033255618, -0.019261485
-0.016478587, -0.016319692, -0.039157562, -0.006591147, 0.036916986, -0.04706438, -0.0014329879, -0.027190257, -0.024832653, -0.014846076
-0.014968147, -0.015228597, -0.035981208, -0.006511225, 0.032498855, -0.042857736, -0.00089144235, -0.024818875, -0.02322457, -0.013624517
-0.015969971, -0.01595633, -0.037740342, -0.0070142886, 0.034591004, -0.04626961, -0.0010297599, -0.026407873, -0.023868231, -0.0143498
-0.015905116, -0.015934125, -0.03812978, -0.0071422425, 0.033347648, -0.04698713, -0.00085726805, -0.026370026, -0.024415081, -0.014343219
-0.015309756, -0.015280441, -0.035888918, -0.006892707, 0.03306922, -0.04508519, -0.00091283873, -0.02568926, -0.02396875, -0.013863969
-0.018962871, -0.019237813, -0.04441911, -0.00896329, 0.040895455, -0.058225688, -0.0010773197, -0.03264273, -0.030598003, -0.018096916
-0.017501645, -0.016869102, -0.03930203, -0.0073702447, 0.037175566, -0.048840776, -0.0014316688, -0.028038492, -0.026271934, -0.015243745
-0.01852825, -0.020972736, -0.05086786, -0.0080554485, 0.044272464, -0.062752455, -0.0024317678, -0.034991767, -0.032645088, -0.018951613
-0.019518608, -0.019622307, -0.048628595, -0.0093337055, 0.044688188, -0.057541035, -0.0020762703, -0.033488613, -0.031090857, -0.018177098
-0.016062343, -0.015680619, -0.037812624, -0.0059454837, 0.03405986, -0.047127236, -0.0018738313, -0.025539964, -0.024495259, -0.014086135
-0.020379737, -0.01963558, -0.043492075, -0.008158216, 0.042792257, -0.058221534, -0.0011228488, -0.03246979, -0.030187733, -0.017032864
-0.018835953, -0.018159, -0.04201589, -0.0073460923, 0.039322626, -0.05430671, -0.0021332589, -0.030236712, -0.028215818, -0.016472422
-0.016503612, -0.016047431, -0.038878866, -0.0060377247, 0.033127923, -0.048095036, -0.0018566899, -0.026876273, -0.02513387, -0.014575399
-0.017779779, -0.016912472, -0.041721884, -0.0075290827, 0.03742685, -0.049937174, -0.0020321223, -0.029580941, -0.02940518, -0.01594555
-0.015868926, -0.01531541, -0.03714726, -0.0064137173, 0.03354375, -0.044527017, -0.0012962263, -0.025903791, -0.022270644, -0.014669579
-0.022820145, -0.022177104, -0.052922692, -0.008292521, 0.04932676, -0.055223674, -0.0021305576, -0.037322257, -0.034447968, -0.023364075
-0.018311411, -0.017676506, -0.039762154, -0.0077015366, 0.039012875, -0.053071585, -0.0018834841, -0.029717417, -0.02779814, -0.016311884
-0.019559667, -0.01919376, -0.045525827, -0.008455518, 0.043901555, -0.061426744, -0.0023280778, -0.034054033, -0.031634346, -0.018579487
-0.012516048, -0.014901741, -0.03611774, -0.0065092403, 0.03357762, -0.04270736, -0.0017049188, -0.025353549, -0.023545748, -0.013670692
-0.02080582, -0.020442322, -0.050808277, -0.009715029, 0.04645606, -0.06079206, -0.0024763783, -0.03467162, -0.031473726, -0.018785167
-0.019172965, -0.018359581, -0.04446691, -0.0076390663, 0.040055227, -0.055159744, -0.0015733363, -0.031094901, -0.028439473, -0.016958116
-0.0203758, -0.02019879, -0.0465354, -0.011290229, 0.03804561, -0.06496298, -0.00085140445, -0.036631882, -0.029092561, -0.020630794
-0.013494377, -0.013140496, -0.03276638, -0.005753166, 0.028476842, -0.036374167, -0.0016293075, -0.022481509, -0.020924162, -0.011895109
-0.016913451, -0.016415926, -0.040435564, -0.0066349492, 0.034927823, -0.050409622, -0.0020432028, -0.026245262, -0.025708206, -0.015041546
-0.014324227, -0.014308847, -0.030569497, -0.0071788756, 0.03189336, -0.046180036, -0.0014564161, -0.023658725, -0.022071889, -0.01329193
-0.015208037, -0.0139228, -0.035949063, -0.005951401, 0.031161653, -0.044229273, -0.0015970666, -0.024902401, -0.023218857, -0.01408542
-0.01832371, -0.01733363, -0.04232978, -0.008255723, 0.038655277, -0.051466066, -0.003121166, -0.029071474, -0.027199613, -0.015708014
-0.017195875, -0.015635539, -0.041064914, -0.007678643, 0.035049487, -0.045058835, -0.0035857216, -0.026351312, -0.024686543, -0.014058384
-0.019182025, -0.01687365, -0.038827196, -0.008063474, 0.03773151, -0.050617706, -0.0031996102, -0.028131079, -0.026487391, -0.015181393
-0.01574194, -0.014039439, -0.03608258, -0.006732233, 0.03166249, -0.039277814, -0.0026313916, -0.023431387, -0.022047088, -0.012660253
-0.017022746, -0.016259793, -0.040202662, -0.0077800876, 0.037012078, -0.04827781, -0.0022649348, -0.027520042, -0.02566439, -0.014961845
-0.019430142, -0.017491767, -0.045749296, -0.008762507, 0.039434727, -0.051520772, -0.0039750473, -0.029591534, -0.027680485, -0.015174112
-0.014296756, -0.012919493, -0.03328497, -0.0062904446, 0.029066838, -0.03822316, -0.0024124517, -0.021659307, -0.019818502, -0.011737919
-0.017922875, -0.01648615, -0.042415284, -0.00807457, 0.037296414, -0.04761117, -0.0035906269, -0.027727714, -0.025957542, -0.014865737
-0.015334645, -0.014023587, -0.036225606, -0.0069053485, 0.030904373, -0.041779984, -0.003103154, -0.023650091, -0.022131719, -0.012260935
-0.017897699, -0.015892029, -0.038589787, -0.0078361295, 0.03632389, -0.048544016, -0.0037209506, -0.025993979, -0.025032911, -0.014336422
-0.015664991, -0.015744926, -0.035590097, -0.0075230277, 0.03508306, -0.046572115, -0.0032005329, -0.025900748, -0.024917493, -0.013878532
-0.014898713, -0.013626786, -0.03500733, -0.006717071, 0.030602563, -0.040041585, -0.0028365883, -0.022912778, -0.021482496, -0.011906286
-0.018238034, -0.015946368, -0.041007556, -0.00808965, 0.037922725, -0.047630295, -0.004760306, -0.027496051, -0.025874574, -0.0146630425
-0.021827651, -0.019340053, -0.049667478, -0.009464732, 0.04386367, -0.057893552, -0.00399689, -0.032771684, -0.02874364, -0.017599892
-0.017959239, -0.016230967, -0.041400425, -0.007866471, 0.035550334, -0.04829127, -0.0042286566, -0.027225565, -0.025583522, -0.014684992
-0.016876088, -0.015752511, -0.040988527, -0.007688073, 0.03626349, -0.046491187, -0.0025910295, -0.027150322, -0.025356743, -0.014692622
-0.018941423, -0.017230846, -0.045062218, -0.008379084, 0.039023604, -0.0486747, -0.0033833645, -0.02893767, -0.02707415, -0.015445818
-0.018893378, -0.016997963, -0.03906224, -0.008241677, 0.03877501, -0.052179776, -0.0035249505, -0.028509123, -0.025654797, -0.015194304
-0.015951162, -0.015108904, -0.04195673, -0.007766476, 0.037162513, -0.049041584, -0.0040943953, -0.027798068, -0.026865613, -0.014920903
-0.015686648, -0.012992651, -0.03128571, -0.0066178213, 0.029906476, -0.037656784, -0.0026053532, -0.021749474, -0.020515678, -0.011147648
-0.024752807, -0.021849949, -0.055333152, -0.010689162, 0.049068063, -0.06479601, -0.004211384, -0.036766775, -0.032211516, -0.019838318
-0.01758209, -0.016996827, -0.043172926, -0.008357862, 0.036972985, -0.051469978, -0.003840517, -0.028547786, -0.026754297, -0.015270793
-0.014877587, -0.013670163, -0.033405785, -0.0067880764, 0.031094085, -0.041177608, -0.0030425878, -0.023004817, -0.021552663, -0.012283446
-0.017805116, -0.016134197, -0.041494638, -0.00804798, 0.03605605, -0.048148364, -0.0030059621, -0.027169328, -0.023785701, -0.014531942
-0.016460473, -0.0145480335, -0.036365844, -0.0071534812, 0.034294613, -0.04508405, -0.0029578519, -0.021956459, -0.02340177, -0.013502476
-0.019036096, -0.017144639, -0.046679866, -0.008273301, 0.036920782, -0.0465739, -0.0040482515, -0.028416058, -0.027013507, -0.015456647
-0.016571503, -0.016108837, -0.04011161, -0.0076649254, 0.035310928, -0.048096243, -0.002053497, -0.027232997, -0.02538926, -0.014803402
-0.014278498, -0.012881071, -0.030131849, -0.0063747107, 0.028984174, -0.03871586, -0.0023167292, -0.02154415, -0.020310078, -0.011646563
-0.014453734, -0.014734066, -0.03943961, -0.0073991665, 0.032943703, -0.045258015, -0.0033482302, -0.025525445, -0.02431022, -0.013681135
-0.021606075, -0.019894447, -0.052499685, -0.009462074, 0.047868084, -0.049950056, -0.00342134, -0.03286564, -0.030709172, -0.017852683
-0.019331096, -0.017201474, -0.043214783, -0.008395781, 0.039223693, -0.05164445, -0.0048009735, -0.02910625, -0.026929686, -0.015705511
-0.02010825, -0.017939655, -0.044243358, -0.008859536, 0.041549657, -0.052075278, -0.0044929087, -0.030158635, -0.028606385, -0.016207483
-0.018624911, -0.016188558, -0.040182285, -0.0086258575, 0.036155935, -0.047375258, -0.0036221633, -0.027167423, -0.025849348, -0.014591471
-0.016411044, -0.01515764, -0.037089672, -0.006883749, 0.033017118, -0.042683907, -0.0021782378, -0.025210187, -0.023803908, -0.013542795
-0.022182576, -0.019824026, -0.051883973, -0.009700173, 0.045496304, -0.05455843, -0.0034997438, -0.030765062, -0.03117896, -0.014516241
-0.018330537, -0.017973617, -0.0405025, -0.008741379, 0.040614415, -0.054425444, -0.002831759, -0.030658402, -0.028336676, -0.015912438
-0.021412784, -0.017720034, -0.044752806, -0.009045175, 0.03998965, -0.049218904, -0.0038892473, -0.0274644, -0.027906448, -0.015701417
-0.017998606, -0.018849188, -0.046765875, -0.009005499, 0.042937767, -0.056422696, -0.0013615629, -0.03188827, -0.030231085, -0.017812079
-0.016654272, -0.01638499, -0.039887764, -0.0075090723, 0.036932204, -0.04405575, -0.0013421653, -0.027102776, -0.02571732, -0.014691173
-0.01416782, -0.0141648585, -0.03413226, -0.0065213507, 0.028859647, -0.04368837, -0.0007214345, -0.024157243, -0.021285167, -0.013188328
-0.015261545, -0.015395512, -0.034476202, -0.0068250434, 0.034413267, -0.041362252, -0.0014751734, -0.025455505, -0.023849672, -0.013564537
-0.022449093, -0.018144393, -0.04574049, -0.0083949575, 0.041049607, -0.054482643, -0.003141832, -0.030577488, -0.023117462, -0.016312735
-0.01914029, -0.017766066, -0.04545922, -0.008593846, 0.037799127, -0.05886719, -0.0013464211, -0.03218799, -0.029973049, -0.017171605
-0.015400008, -0.01752594, -0.03673837, -0.0073215347, 0.035212114, -0.04975212, -0.0009887507, -0.026696544, -0.02570064, -0.015004212
-0.014713227, -0.015061292, -0.033366077, -0.004333242, 0.033175845, -0.040654186, -0.00035888478, -0.024547853, -0.022829754, -0.01319143
-0.021951787, -0.020928698, -0.05157619, -0.008968481, 0.044809368, -0.06286378, -0.0022885168, -0.035502166, -0.030658506, -0.019258209
-0.013641346, -0.013428813, -0.029787008, -0.006182074, 0.030028239, -0.041571148, -0.001737653, -0.023020064, -0.021013789, -0.012309827
-0.019197742, -0.017154088, -0.04461383, -0.008247006, 0.03850082, -0.05592607, -0.0023141007, -0.02514629, -0.028197492, -0.016491316
-0.021509748, -0.021629348, -0.053982474, -0.010366827, 0.049271267, -0.06517955, -0.0018554115, -0.035784993, -0.035005186, -0.020287117
-0.017289309, -0.016266912, -0.03543067, -0.007496222, 0.033866912, -0.052634373, -0.0021117146, -0.027359154, -0.0253847, -0.015534511
-0.019945422, -0.018919196, -0.040803745, -0.008521303, 0.038213413, -0.06279766, -0.0024458056, -0.031040581, -0.029554978, -0.017459242
-0.016930416, -0.015537223, -0.03386005, -0.0072106146, 0.035532817, -0.048236363, -0.0020382167, -0.027877254, -0.023815664, -0.014587347
-0.022182265, -0.021121982, -0.052035365, -0.009969273, 0.04691454, -0.062165633, -0.0032642677, -0.03543453, -0.033143193, -0.018497435
-0.019633688, -0.01699166, -0.041879985, -0.008042428, 0.037660394, -0.049273074, -0.0028115753, -0.02813603, -0.026485577, -0.015158863
-0.019630292, -0.015733926, -0.039570574, -0.00809851, 0.038361326, -0.050960153, -0.0031719245, -0.028579213, -0.028985089, -0.015428344
-0.018707832, -0.018244514, -0.045978334, -0.008732417, 0.041215397, -0.054506846, -0.0025872113, -0.030961808, -0.028349236, -0.016818805
-0.0146664865, -0.014073407, -0.034735646, -0.0066848984, 0.02902564, -0.042172477, -0.0016410027, -0.024682278, -0.022302343, -0.012885428
-0.018282896, -0.016042965, -0.03718174, -0.0077075143, 0.0373595, -0.04540956, -0.0026463757, -0.029296301, -0.025698895, -0.013632686
-0.018048873, -0.016224464, -0.041599236, -0.007843916, 0.03884554, -0.04338553, -0.003377415, -0.024966521, -0.025811933, -0.013285583
-0.019672664, -0.019324886, -0.048155572, -0.0092163095, 0.043490622, -0.057534948, -0.0023742383, -0.03205758, -0.030529836, -0.017807048
-0.017488142, -0.017411504, -0.0438852, -0.008093162, 0.032461457, -0.053023506, -0.0017407689, -0.029965224, -0.028618002, -0.01667342
-0.0118630035, -0.012516186, -0.029503439, -0.007534002, 0.025428254, -0.039366245, -0.0012362971, -0.019968547, -0.019192168, -0.011479491
-0.014522809, -0.014722938, -0.035616774, -0.0072896127, 0.03194731, -0.038858525, -0.001507091, -0.025524141, -0.026711166, -0.013569553
-0.013592585, -0.013686607, -0.036368743, -0.0064655156, 0.02783987, -0.040281482, -0.0014078505, -0.02062357, -0.023183124, -0.013107451
-0.0121741565, -0.012151141, -0.03162711, -0.005798605, 0.028373048, -0.0328673, -0.0012368938, -0.021336192, -0.019519841, -0.011450514
-0.015637286, -0.015490042, -0.0408777, -0.0066825016, 0.03226317, -0.04600112, -0.0014577952, -0.023183405, -0.025585992, -0.014797975
-0.016496833, -0.0143630635, -0.035247374, -0.007193996, 0.03332055, -0.038601253, -0.0025397588, -0.026323, -0.022706997, -0.012720798
-0.015187403, -0.016226327, -0.044452786, -0.011923763, 0.032600004, -0.045941997, -0.0011890526, -0.023892822, -0.025413672, -0.015132343
-0.015010079, -0.014875077, -0.03182663, -0.007028976, 0.032541364, -0.046506263, -0.0015469653, -0.0260117, -0.024389822, -0.0139351515
-0.014964349, -0.014845024, -0.03721679, -0.0069937226, 0.02930432, -0.045274705, -0.0015248416, -0.025558956, -0.023563577, -0.013724603
-0.021440588, -0.02094057, -0.05203193, -0.0099764215, 0.04532414, -0.062693216, -0.0025298996, -0.035573334, -0.033030126, -0.019347066
-0.015599352, -0.015527036, -0.03417819, -0.0074040215, 0.03404314, -0.047472414, -0.0013285162, -0.028368134, -0.02510365, -0.014464121
-0.01771483, -0.017550819, -0.039227672, -0.00829103, 0.034913987, -0.056905698, -0.001832181, -0.029076546, -0.028580127, -0.016401745
-0.015084939, -0.014987367, -0.03399234, -0.0071343374, 0.034820344, -0.04440676, -0.0014187054, -0.02746199, -0.023130901, -0.013894062
-0.015513762, -0.0154489335, -0.035426673, -0.007269206, 0.03372218, -0.04278517, -0.0015317099, -0.032532845, -0.024745297, -0.014323426
-0.01829704, -0.016129214, -0.03840161, -0.0073775696, 0.034788072, -0.04419269, -0.002052618, -0.03167358, -0.02532404, -0.014935588
-0.01719582, -0.014902953, -0.042802244, -0.008060429, 0.038830735, -0.051291343, -0.0017610937, -0.029289238, -0.022204617, -0.016007133
-0.019373802, -0.017850222, -0.044395454, -0.008409729, 0.040752742, -0.05142114, -0.0027000797, -0.030208051, -0.028491538, -0.016358882
-0.0158826, -0.016812513, -0.04030971, -0.007166268, 0.035079274, -0.042585332, -0.001237976, -0.026712717, -0.024391303, -0.014357971
-0.015675895, -0.012270158, -0.027310055, -0.005912622, 0.02807246, -0.03511486, -0.0022737656, -0.020280682, -0.01947746, -0.010964518
-0.018723322, -0.016755218, -0.04705374, -0.008200449, 0.03552989, -0.044640355, -0.003229302, -0.02829566, -0.026832346, -0.015285128
-0.018250214, -0.01721796, -0.04410665, -0.008724953, 0.036696438, -0.053573556, -0.0021938107, -0.030417707, -0.028754978, -0.013678689
-0.020046009, -0.01994839, -0.049284946, -0.00946279, 0.042993262, -0.059900492, -0.0020215972, -0.034114316, -0.032070734, -0.018732235
-0.015574035, -0.015021192, -0.03807794, -0.007980045, 0.033565685, -0.044598754, -0.0020374728, -0.025562195, -0.02376197, -0.013861707
-0.021019766, -0.019742783, -0.050475907, -0.009664485, 0.04513109, -0.060026094, -0.0028009857, -0.03378748, -0.031546798, -0.018385734
-0.017972743, -0.018110657, -0.04505372, -0.008975365, 0.040386222, -0.054803137, -0.0018347091, -0.03004656, -0.029061936, -0.016842702
-0.018392906, -0.018887855, -0.04686969, -0.008997101, 0.042701155, -0.056300186, -0.0013315177, -0.032109473, -0.030013323, -0.01751115
-0.015994169, -0.016868476, -0.041577004, -0.008010104, 0.03889212, -0.04975076, -0.00082104624, -0.026824402, -0.027243877, -0.01570268
-0.022703273, -0.021099858, -0.05130185, -0.010106376, 0.04687456, -0.06395449, -0.003857884, -0.035248026, -0.033136413, -0.019177519
-0.017766152, -0.01700868, -0.042885095, -0.008370048, 0.037578266, -0.050375573, -0.0022792255, -0.02897892, -0.0274137, -0.015691884
-0.018001132, -0.016893603, -0.04253831, -0.008426983, 0.038409553, -0.050262477, -0.0028428673, -0.028986244, -0.026716473, -0.015462052
-0.017106706, -0.016434042, -0.037992127, -0.006671052, 0.03586484, -0.049168896, -0.0016984072, -0.026833765, -0.02145244, -0.014410585
-0.019214857, -0.017872492, -0.04494537, -0.008626351, 0.038980924, -0.052851528, -0.0031168782, -0.03011309, -0.028031621, -0.016245887
-0.020600097, -0.019351315, -0.04935777, -0.00912699, 0.043334864, -0.055665392, -0.0033671581, -0.032310285, -0.030363703, -0.017547045
-0.016909754, -0.016016014, -0.03982303, -0.0075223227, 0.035030644, -0.04807192, -0.002519748, -0.026664974, -0.025119705, -0.014507723
-0.018085638, -0.017900161, -0.043504536, -0.0060754386, 0.0383912, -0.0548769, -0.002386743, -0.02991033, -0.025767142, -0.016267445
-0.016434522, -0.017135642, -0.038620465, -0.0068038506, 0.037154425, -0.053885482, -0.002258887, -0.028079528, -0.026826805, -0.015577576
-0.014895303, -0.013853202, -0.0324405, -0.0057577435, 0.027878158, -0.04294327, -0.0018284923, -0.023214478, -0.021737996, -0.0126065025
-0.020531356, -0.019289099, -0.04766255, -0.009158563, 0.043168563, -0.0575723, -0.0032055075, -0.032409173, -0.029526064, -0.017518792
-0.015239415, -0.014029228, -0.03584191, -0.006790769, 0.03162725, -0.041971367, -0.0030093505, -0.02357715, -0.021458125, -0.012797612
-0.020987708, -0.019457513, -0.047990475, -0.009309325, 0.0436613, -0.058562875, -0.0038292445, -0.03261569, -0.030243058, -0.017688556
-0.018033646, -0.017043935, -0.042225525, -0.007987076, 0.037574023, -0.051251683, -0.0031775478, -0.028157508, -0.026803784, -0.015325938
-0.01746862, -0.016769145, -0.040693674, -0.0049292515, 0.036789343, -0.04444449, -0.00047764255, -0.028119773, -0.028434128, -0.015054975
-0.01841878, -0.017229486, -0.042142596, -0.008091331, 0.039278205, -0.050717562, -0.0030967393, -0.028856495, -0.027082881, -0.015543534
-0.019214494, -0.017516738, -0.04546769, -0.00810653, 0.037788086, -0.05288485, -0.0035367322, -0.029623266, -0.027668035, -0.015721789
-0.02064503, -0.018458445, -0.0483472, -0.008806975, 0.04140086, -0.05119202, -0.0039625163, -0.030949965, -0.029075325, -0.01670683
-0.021944119, -0.020522505, -0.052408863, -0.009762108, 0.046631392, -0.058988888, -0.0035769467, -0.034169436, -0.031749945, -0.018747991
-0.020686569, -0.019490905, -0.048623033, -0.009333683, 0.04343815, -0.058032263, -0.0037563115, -0.03284133, -0.030733174, -0.017099576
-0.01881728, -0.018970095, -0.042663634, -0.008463679, 0.041130885, -0.055136178, -0.002343952, -0.03113788, -0.030137114, -0.016883634
-0.017953541, -0.017804787, -0.042378142, -0.007983231, 0.040291816, -0.05370959, -0.003053938, -0.030693399, -0.028455205, -0.016228722
-0.022262461, -0.020850644, -0.053712156, -0.010067036, 0.04674648, -0.06147057, -0.0039724144, -0.034822747, -0.033033703, -0.019016156
-0.015826108, -0.012966844, -0.03167701, -0.008055163, 0.028372379, -0.035144657, -0.0025466648, -0.021691093, -0.021141203, -0.011570235
-0.01804567, -0.017125329, -0.042696226, -0.008143558, 0.038392752, -0.050409537, -0.0027413715, -0.027998397, -0.026870651, -0.015525386
-0.01510322, -0.012317938, -0.027730463, -0.006037931, 0.027154397, -0.036718756, -0.0024502133, -0.022959854, -0.02001328, -0.011195659
-0.018710334, -0.01773333, -0.044076607, -0.008176827, 0.039205626, -0.05293737, -0.0030209634, -0.029542195, -0.027980642, -0.016090797
-0.015272881, -0.01393685, -0.036449913, -0.0068179537, 0.03186308, -0.038553525, -0.0027423608, -0.023350062, -0.02188822, -0.012599813
-0.017158981, -0.015390091, -0.038092803, -0.0073067993, 0.034402795, -0.04557071, -0.0030583781, -0.025884941, -0.024236977, -0.013116457
-0.020481603, -0.018959725, -0.049087115, -0.00908708, 0.043941543, -0.053676613, -0.0034107044, -0.03210884, -0.03006059, -0.017340856
-0.015302814, -0.014437914, -0.03623999, -0.0068820734, 0.031966574, -0.042828795, -0.002188743, -0.023776816, -0.022663496, -0.013111463
-0.024634149, -0.02276462, -0.05422108, -0.010729116, 0.050329756, -0.06667166, -0.0036299839, -0.03826363, -0.034148436, -0.020072747
-0.020255884, -0.01882172, -0.047452923, -0.008901496, 0.04142135, -0.054391004, -0.0032052451, -0.031541236, -0.029503094, -0.017055644
-0.019554628, -0.018485673, -0.04669996, -0.008716404, 0.0409157, -0.053428218, -0.0031245486, -0.030974839, -0.028950192, -0.016763892
-0.01967071, -0.018425094, -0.044887785, -0.008846456, 0.041804016, -0.05496694, -0.0031288539, -0.030841056, -0.02889494, -0.016633807
-0.017746706, -0.016869579, -0.042496625, -0.0078097875, 0.03725633, -0.049025558, -0.002566951, -0.028103143, -0.02646942, -0.01527978
-0.016057853, -0.015118099, -0.034119453, -0.0069478303, 0.033821657, -0.046045337, -0.0021338568, -0.025215348, -0.023727864, -0.013680791
-0.021526337, -0.019082649, -0.04838875, -0.008619137, 0.043355852, -0.058413416, 0.0018451134, -0.03287086, -0.031352643, -0.0178015
-0.018583242, -0.01733972, -0.042622775, -0.005105044, 0.03805918, -0.050541196, -0.0034319852, -0.028865632, -0.027167602, -0.015640527
-0.021501694, -0.020243257, -0.050554078, -0.009633016, 0.04392456, -0.060045555, -0.0033468665, -0.033952907, -0.031775728, -0.018358858
-0.018075516, -0.015839556, -0.036832087, -0.007870621, 0.032893945, -0.04824783, -0.0024168165, -0.028627692, -0.024897909, -0.013459917
-0.02207069, -0.016843976, -0.04168761, -0.008174858, 0.03784559, -0.04808817, -0.0032352002, -0.028229764, -0.025721973, -0.015130826
-0.012042868, -0.010848303, -0.027043585, -0.005220213, 0.02403457, -0.031056432, -0.002226378, -0.018706925, -0.016968474, -0.009573828
-0.01589934, -0.014325235, -0.037249513, -0.0068700546, 0.031807464, -0.04165274, -0.0026176537, -0.023908844, -0.021830203, -0.012952985
-0.018038852, -0.01655326, -0.04165336, -0.0079397755, 0.036598686, -0.048478965, -0.0027396728, -0.027279252, -0.0255528, -0.01473165
-0.019341076, -0.018282387, -0.046043348, -0.008640795, 0.04082673, -0.052735616, -0.0028958763, -0.030616907, -0.028645404, -0.016595973
-0.018041825, -0.016274925, -0.04085093, -0.007746516, 0.036262352, -0.047616776, -0.002538155, -0.02742142, -0.025965428, -0.014637557
-0.017758222, -0.017393691, -0.04228376, -0.008411029, 0.03749203, -0.052865863, -0.0012759905, -0.029029706, -0.02736642, -0.015998425
-0.019771451, -0.01873224, -0.04645633, -0.008821244, 0.04161457, -0.055367183, -0.0033406392, -0.031394914, -0.028552288, -0.016943293
-0.018752381, -0.01547973, -0.041735444, -0.0076944074, 0.039099403, -0.049625292, -0.0016210692, -0.028502174, -0.02537313, -0.015802398
-0.017463522, -0.016363014, -0.03761939, -0.0074634226, 0.035975456, -0.048518192, -0.0022790066, -0.02702558, -0.025327427, -0.0146488445
-0.021054657, -0.016861584, -0.038642716, -0.007489517, 0.03531455, -0.044289317, -0.0025803852, -0.026953122, -0.026539251, -0.014569635
-0.014878626, -0.01350324, -0.02957292, -0.0061420724, 0.029601663, -0.03972795, -0.0017602508, -0.022042213, -0.021115525, -0.011983325
-0.016081708, -0.013163474, -0.03288063, -0.006618192, 0.033502333, -0.041523844, -0.0020397324, -0.02387893, -0.022899872, -0.012955526
-0.01633047, -0.018182846, -0.042143315, -0.0078520235, 0.037748773, -0.049250778, -0.0023291304, -0.028440984, -0.02758986, -0.015429584
-0.019997234, -0.01879086, -0.04614748, -0.008936404, 0.04183312, -0.05573778, -0.0036684242, -0.031440437, -0.029490856, -0.017004149
-0.01948275, -0.01947101, -0.047186792, -0.009038439, 0.043032125, -0.05777387, -0.0030951845, -0.032446258, -0.029849194, -0.017528681
-0.017553035, -0.016692607, -0.04176868, -0.007759211, 0.036910232, -0.047753774, -0.0026444292, -0.0270852, -0.026174266, -0.014710429
