-0.047572155, -0.04584218, -0.052798145, -0.04955994, -0.0044803163, -0.029394953, 0.0073526786, 0.031755827, 0.022272099, 0.007878941
-0.016609719, -0.016396763, -0.044736255, -0.008973493, 0.04369333, -0.05087812, 0.00020480754, -0.031128796, -0.02845546, -0.017368795
-0.019755729, -0.019054804, -0.046486612, -0.008535475, 0.041583244, -0.055999584, -0.0024481376, -0.03186528, -0.02978932, -0.01727135
-0.013333371, -0.01216681, -0.030809911, -0.0059510777, 0.028210592, -0.036967088, -0.0011030334, -0.020985844, -0.01922831, -0.01105836
-0.025241487, -0.023408337, -0.060466398, -0.011519032, 0.05188478, -0.07026009, -0.004516545, -0.03809232, -0.03587206, -0.02060994
-0.014763526, -0.014588516, -0.035947014, -0.006877075, 0.032450736, -0.043291114, -0.0015547363, -0.024711318, -0.023012618, -0.013454694
-0.020273915, -0.01934167, -0.048218172, -0.009200055, 0.043434914, -0.05743124, -0.003067595, -0.032455407, -0.03047234, -0.017608179
-0.020136466, -0.019402571, -0.0469547, -0.008734145, 0.042238303, -0.056564387, -0.0017848253, -0.032086466, -0.030156245, -0.01748121
-0.020487227, -0.01982342, -0.047909275, -0.008690415, 0.04336359, -0.057517473, -0.0022411759, -0.03315441, -0.030899389, -0.018243307
-0.018917967, -0.018690526, -0.045592923, -0.008682077, 0.041599005, -0.055164568, -0.0016084124, -0.03163961, -0.029468665, -0.017259793
-0.01637906, -0.01644606, -0.041175127, -0.007967041, 0.03698248, -0.048974935, -0.0016566606, -0.028321836, -0.026314996, -0.015417588
-0.021940053, -0.020882007, -0.05088842, -0.009628539, 0.046001237, -0.06216908, -0.0026796767, -0.035296086, -0.032715626, -0.019154256
-0.019781578, -0.018357027, -0.044260133, -0.008358128, 0.03856387, -0.052605268, -0.0053995503, -0.029757347, -0.027717484, -0.015321728
-0.017378107, -0.016245997, -0.042224035, -0.008191016, 0.036066517, -0.050634753, -0.0031228089, -0.02716845, -0.025781972, -0.015165786
-0.020984624, -0.021898499, -0.05482604, -0.010205568, 0.04932996, -0.06616203, -0.0009945582, -0.037714005, -0.03458663, -0.021405721
-0.019036591, -0.017631216, -0.04596414, -0.008534992, 0.041353617, -0.05506634, -0.0021428887, -0.030507276, -0.028725918, -0.016814698
-0.017220596, -0.017380694, -0.04333236, -0.008405807, 0.038686834, -0.05241827, -0.0015936729, -0.029800886, -0.027987793, -0.016306205
-0.020675734, -0.019110078, -0.047231387, -0.009145874, 0.042432375, -0.05609519, -0.0029462334, -0.03214389, -0.029979048, -0.01707509
-0.017789736, -0.017714262, -0.045826636, -0.009090713, 0.041710116, -0.05562892, -0.0018150702, -0.031702876, -0.02953485, -0.017324537
-0.015195839, -0.014137542, -0.03409211, -0.005367659, 0.032780502, -0.04193706, -0.0030518626, -0.023219872, -0.022566514, -0.012707662
-0.016882787, -0.015722083, -0.038860485, -0.007454765, 0.034854803, -0.0460354, -0.0025667588, -0.026204959, -0.024473356, -0.01417961
-0.01816765, -0.019215688, -0.047167413, -0.0084703155, 0.042634644, -0.056574218, -0.0020957966, -0.03194759, -0.027170863, -0.017803803
-0.02365791, -0.022013199, -0.055177107, -0.01058181, 0.04929663, -0.065195605, -0.0037243064, -0.03699822, -0.034578774, -0.020016404
-0.018570723, -0.017151093, -0.04432944, -0.009064318, 0.03891711, -0.04884536, -0.0030603472, -0.02883102, -0.026552655, -0.015616675
