0.05129841, 0.044244897, -0.011204129, 0.03348575, 0.046895806, 0.00061944936, 0.036044076
0.020055188, -0.07485698, -0.0031096458, -0.00824484, -0.019748237, -0.06587895, 0.027952591
0.012538081, -0.04691186, -0.0019438487, -0.0048290486, -0.012316325, -0.04124526, 0.017521104
0.013090996, -0.048971392, -0.0020334288, -0.0056266743, -0.012905803, -0.043105137, 0.018278403
0.018202428, -0.06808838, -0.002824945, -0.007379444, -0.017910434, -0.059894733, 0.025417268
0.01563363, -0.058461137, -0.0024275149, -0.00645157, -0.015397802, -0.051438183, 0.021821639
0.016997581, -0.06356323, -0.00264102, -0.0071708136, -0.016753701, -0.055947494, 0.023728587
0.015851002, -0.059268817, -0.0024611577, -0.0065455814, -0.015615928, -0.052155998, 0.022125544
0.012111651, -0.045291148, -0.0018804384, -0.0049959333, -0.011928698, -0.039849557, 0.016905416
0.016472977, -0.061605413, -0.002560575, -0.0069473414, -0.016257674, -0.054215334, 0.022879051
0.016134571, -0.060347605, -0.0025035772, -0.0065151313, -0.015875215, -0.05308549, 0.022529908
0.017112015, -0.06407457, -0.0026165952, -0.0074766777, -0.016905556, -0.05645693, 0.023932645
0.0146997515, -0.054990526, -0.0022836747, -0.006314841, -0.014491432, -0.048406117, 0.020526344
0.01845034, -0.06900429, -0.0028635648, -0.007463899, -0.018158766, -0.06069882, 0.025758302
0.015245706, -0.057011403, -0.0023675605, -0.0063272766, -0.015022307, -0.050164495, 0.021268645
0.013955908, -0.05218542, -0.0021674726, -0.0057645417, -0.013751323, -0.045916826, 0.019463468
0.017982418, -0.067269236, -0.002794165, -0.007604135, -0.01775898, -0.059194993, 0.025105065
0.016333511, -0.061174255, -0.002540563, -0.0069725513, -0.016123246, -0.053866968, 0.02283647
0.013022897, -0.048709854, -0.0020208848, -0.00522522, -0.012812241, -0.042844806, 0.01818278
0.013829751, -0.051720742, -0.0021461188, -0.005757781, -0.013625586, -0.045512002, 0.019305766
0.012671065, -0.047379572, -0.0019674217, -0.005218231, -0.012478874, -0.0416825, 0.01768722
0.013334792, -0.049897436, -0.0020667363, -0.005143891, -0.013096189, -0.043865047, 0.018634107
0.015579539, -0.058276255, -0.0024172522, -0.006209383, -0.015321989, -0.051254045, 0.021758758
0.017282793, -0.06465374, -0.002684792, -0.0074152527, -0.017036352, -0.05690564, 0.024133092
