-0.01760251, -0.004814907, -0.025941798, 0.027974678, 0.037189618, 0.04463772, -0.05224383
0.015729435, -0.058540195, -0.0024420947, -0.0065756016, -0.015505591, -0.051910535, 0.0219663
0.02292938, -0.08577226, -0.003556672, -0.0096992785, -0.022604689, -0.075495325, 0.032014295
0.01493887, -0.05595587, -0.0023282305, -0.0072468, -0.014832732, -0.04896668, 0.020863041
0.0146904215, -0.054839488, -0.0022768988, -0.005980671, -0.014434981, -0.048250657, 0.020490916
0.016552983, -0.06189846, -0.0025698792, -0.006769024, -0.016306162, -0.05445711, 0.023103604
0.013739643, -0.051377434, -0.0021327485, -0.0056002825, -0.013524436, -0.04519927, 0.019179953
0.016416417, -0.061384685, -0.0025483484, -0.0066931397, -0.016159995, -0.054007214, 0.022915477
0.016881019, -0.063111946, -0.0026201638, -0.00688139, -0.016615245, -0.055529013, 0.023574302
0.01765953, -0.06603872, -0.0027417792, -0.007220286, -0.017410472, -0.058102172, 0.024648756
0.016971765, -0.0634675, -0.002634717, -0.006931499, -0.0167097, -0.055836495, 0.023689331
0.017636286, -0.06595266, -0.0027412393, -0.007373428, -0.017416101, -0.058041994, 0.024531685
0.013764978, -0.051500052, -0.002141772, -0.006468713, -0.013639544, -0.04525406, 0.01921945
0.014682701, -0.05490502, -0.0022794332, -0.0060055517, -0.014460381, -0.048307374, 0.020491434
0.013662948, -0.051094193, -0.0021208485, -0.0055739074, -0.013451034, -0.04494992, 0.019071858
0.019429531, -0.07265559, -0.0030164288, -0.007943443, -0.019131208, -0.06391965, 0.027122047
0.017271673, -0.06458233, -0.002681385, -0.0070688915, -0.017017517, -0.056819033, 0.024104381
0.012434153, -0.046502665, -0.001930939, -0.005097402, -0.012248594, -0.04090948, 0.01735586
0.014412369, -0.05389698, -0.0022374897, -0.005895978, -0.014191985, -0.047418676, 0.020115139
0.016202487, -0.060584918, -0.0025151419, -0.006622005, -0.015950307, -0.05330262, 0.0226171
0.014126757, -0.05282775, -0.0021929846, -0.005771489, -0.013908937, -0.046476085, 0.019719409
0.013303733, -0.049746063, -0.0020653063, -0.0054350784, -0.013098219, -0.043766342, 0.018568477
0.016328042, -0.061066315, -0.0025352004, -0.006673305, -0.016078742, -0.05372192, 0.022794597
0.018720688, -0.070016414, -0.002908094, -0.007955608, -0.018453475, -0.061624836, 0.026134983
0.016014094, -0.059882265, -0.0024858275, -0.006536151, -0.01576476, -0.052679595, 0.022352144
0.012366646, -0.046239, -0.0019195528, -0.0050426885, -0.012172517, -0.04068012, 0.017261531
0.012346601, -0.046187226, -0.0019179259, -0.0052161985, -0.012170235, -0.040651023, 0.017237954
0.018309906, -0.06847326, -0.0028424787, -0.00747826, -0.018028187, -0.060239345, 0.025556574
0.01628459, -0.06088971, -0.0025278996, -0.006660042, -0.016033439, -0.05357174, 0.022726767
0.013501943, -0.05048581, -0.0020957217, -0.005496385, -0.0132762045, -0.044415962, 0.01885712
0.021303704, -0.07963718, -0.0033055332, -0.008760978, -0.020996025, -0.07001215, 0.029670946
0.017019423, -0.063632, -0.0026419952, -0.006948978, -0.01675776, -0.05598899, 0.023754189
0.015351454, -0.057408646, -0.0023831753, -0.0062707057, -0.015114656, -0.050505787, 0.021428127
0.013715802, -0.051285807, -0.0021290998, -0.005607254, -0.013503849, -0.045123048, 0.01914533
0.014899228, -0.055771537, -0.0022940612, -0.006419993, -0.014707428, -0.049116503, 0.020829445
0.010550399, -0.039450604, -0.001644777, -0.004453522, -0.010417691, -0.034742434, 0.014647425
0.016702183, -0.062458947, -0.0025950721, -0.00701072, -0.01646495, -0.05495898, 0.023260895
0.016155763, -0.060469586, -0.0025098457, -0.0067422325, -0.015914738, -0.053067397, 0.022527924
0.011858374, -0.044337727, -0.0018403429, -0.0048177266, -0.011659299, -0.039015025, 0.016559102
0.013373398, -0.050009858, -0.002076278, -0.0054654647, -0.013168147, -0.043998115, 0.018664597
0.0168702, -0.063078895, -0.002618483, -0.0068738996, -0.01660533, -0.05549359, 0.023556052
0.016118905, -0.060267862, -0.0025024968, -0.0065955105, -0.015871335, -0.053027242, 0.02249428
0.014899385, -0.055714034, -0.0023129713, -0.006092797, -0.014670575, -0.049016774, 0.020795114
0.015549821, -0.058149356, -0.0024138782, -0.0063547143, -0.0153104635, -0.05115889, 0.021704547
0.016699858, -0.06244691, -0.002592606, -0.0068229726, -0.01644165, -0.05493285, 0.02331665
0.015700797, -0.058734603, -0.0024377955, -0.0063868533, -0.015450304, -0.051664267, 0.021926714
0.013582167, -0.050790787, -0.0021087453, -0.005555781, -0.013375499, -0.044686224, 0.018955562
0.013797949, -0.05159358, -0.002142433, -0.005648458, -0.013594393, -0.04539581, 0.019256342
0.014673372, -0.0548703, -0.0022779359, -0.006001596, -0.014447872, -0.048273876, 0.020479761
0.02014427, -0.07536308, -0.003124026, -0.007876763, -0.019792367, -0.06627175, 0.02814503
0.017650101, -0.065989695, -0.0027402954, -0.007231495, -0.017380878, -0.05806675, 0.02463773
0.017958498, -0.067151226, -0.002788694, -0.0073460867, -0.01768297, -0.059079926, 0.025065709
0.013758309, -0.051445976, -0.0021356686, -0.0056200568, -0.013544827, -0.0452618, 0.019206557
0.011184825, -0.04182598, -0.0017363349, -0.004568397, -0.011012769, -0.0367966, 0.015610197
0.0065890285, -0.024695352, -0.001022483, -0.0026505745, -0.006479466, -0.02160551, 0.009207744
0.012618986, -0.047189012, -0.0019609013, -0.005283023, -0.01245412, -0.04152708, 0.017557131
0.019174578, -0.07170897, -0.0029778788, -0.0081647085, -0.018898327, -0.06309202, 0.026756642
0.014774657, -0.054961544, -0.0023012233, -0.0063707964, -0.014485524, -0.048309132, 0.020409325
0.016129632, -0.060330775, -0.0025055704, -0.006862685, -0.015903214, -0.053091753, 0.022512853
0.014738659, -0.055108104, -0.0022886638, -0.0060324757, -0.014564975, -0.048477236, 0.020566879
0.02166239, -0.08100835, -0.003364041, -0.008877937, -0.021301487, -0.07126294, 0.03021249
0.016201155, -0.060573813, -0.002515338, -0.006625492, -0.015957711, -0.05329192, 0.02261187
0.014984675, -0.056149203, -0.0022290105, -0.0067644045, -0.014838706, -0.049548283, 0.020986525
0.014611163, -0.05463554, -0.0022685693, -0.0059707444, -0.014386171, -0.04807031, 0.020393701
0.013489165, -0.050446734, -0.0020952187, -0.0055444078, -0.013291565, -0.044381943, 0.018792382
0.014874965, -0.055628877, -0.0023126397, -0.0064652096, -0.0146892145, -0.04901235, 0.020758303
0.015612091, -0.058397952, -0.0024245959, -0.006571234, -0.0153822545, -0.051393416, 0.02179859
0.012520482, -0.046851862, -0.0019355842, -0.0052344897, -0.012341991, -0.04123908, 0.017494138
0.016773364, -0.062720925, -0.0026140271, -0.0070469035, -0.016543835, -0.055201836, 0.023348913
