-0.06720746, -0.0153374495, 0.009847495, 0.03139173
-0.030458705, -0.022349626, -0.02531191, 0.009457204
-0.06294064, -0.036314927, -0.009653368, 0.024739886
-0.060282618, -0.027173094, -0.048199683, -0.0023185448
-0.03026886, -0.0083794305, -0.018902808, 0.0075404393
-0.037761297, -0.050519846, -0.024399385, 0.02197537
-0.057840746, -0.0077228667, -0.019239493, 0.014960018
-0.050774496, -0.0060472838, -0.039887063, 0.008053774
-0.04766647, -0.03479378, -0.025577834, -0.0038287535
-0.030818492, -0.04187415, -0.04720022, 0.016991777
-0.041735157, 0.010947214, -0.041175634, 0.053041104
-0.032009058, -0.041024603, -0.028492527, 0.061558574
-0.061045237, -0.00980364, -0.0422404, 0.014788133
-0.055862073, -0.029320827, -0.04087519, 0.014344938
-0.056278765, -0.038048565, -0.01828973, 0.010394609
-0.044207767, -0.02985189, -0.03937, -0.009799329
-0.058083285, -0.014931563, -0.018196374, 0.01185413
-0.044684373, -0.011838068, -0.04471857, 0.0051695835
-0.048908662, -0.01975643, -0.037908617, 0.009542571
-0.04697508, -0.021927673, -0.026045412, 0.015356661
-0.033349004, -0.06550399, -0.034206495, 0.021478787
-0.039721314, -0.052815977, -0.024386879, 0.004650647
-0.03008211, -0.04857859, -0.06420908, 0.024453603
-0.03481068, -0.013908362, -0.025283411, 0.008544871
-0.039070204, -0.014879196, -0.08299887, 0.041043933
-0.043251194, -0.0046344246, -0.033788167, 0.013368865
