0.0512414, 0.039326224, -0.029949611, 0.038605902, 0.031733427, -0.0168532, -0.0408448, 0.018900607, -0.019179063
-0.0051065674, 0.034561906, -0.035333205, 0.0423837, -0.043768506, 0.028154964, 0.054076567, 0.012219832, 0.034047794
-0.0037257432, 0.024051027, -0.025614645, 0.03153087, -0.034743786, 0.0234881, 0.042710833, 0.009499686, 0.026654081
-0.005752169, 0.036626495, -0.037156764, 0.045638252, -0.046721965, 0.031491946, 0.058947552, 0.013625034, 0.037055496
-0.0037007246, 0.02445145, -0.025503898, 0.03085068, -0.031431157, 0.021229211, 0.038655784, 0.008945653, 0.024536047
-0.0036631615, 0.033485867, -0.03388483, 0.039969046, -0.041461356, 0.027318252, 0.050939366, 0.010646683, 0.03268419
-0.0040100934, 0.028481625, -0.02862277, 0.03402355, -0.0358266, 0.022755753, 0.04465543, 0.010008373, 0.027581288
-0.0055551184, 0.03491956, -0.03378509, 0.042521883, -0.044130538, 0.029676257, 0.054514714, 0.012371703, 0.034339774
-0.004862313, 0.03201658, -0.032643087, 0.03903434, -0.040693212, 0.027530985, 0.051930603, 0.0109145045, 0.030391017
-0.0018005604, 0.0327182, -0.03272131, 0.03742523, -0.037421558, 0.027433306, 0.048953775, 0.011049432, 0.030809911
-0.0026066066, 0.029570445, -0.029630248, 0.032009833, -0.033139654, 0.023761377, 0.03908528, 0.009575842, 0.028442977
-0.0041367714, 0.027821017, -0.028185716, 0.03368325, -0.03364, 0.023621771, 0.043656267, 0.009835573, 0.027065499
-0.0035368926, 0.021884799, -0.02360881, 0.028696679, -0.029224874, 0.020279357, 0.03654475, 0.008226238, 0.022265317
-0.0027407482, 0.024064908, -0.027632684, 0.029142033, -0.03110532, 0.021019133, 0.037407603, 0.008763106, 0.023886742
-0.0044713747, 0.03017745, -0.030612025, 0.03444983, -0.038308494, 0.025579445, 0.047426738, 0.01067984, 0.029009119
-0.004865059, 0.03152909, -0.032131914, 0.03771987, -0.03952515, 0.026558531, 0.04685803, 0.011377713, 0.030879553
-0.005099526, 0.03249275, -0.032766495, 0.038041163, -0.040885173, 0.027573602, 0.050462488, 0.010458899, 0.03118972
-0.005435983, 0.033454996, -0.03598794, 0.042380657, -0.044578902, 0.030105617, 0.05719678, 0.012617579, 0.033564866
-0.0045096967, 0.029063921, -0.029215768, 0.03420056, -0.036531866, 0.025249658, 0.043949127, 0.010189397, 0.027915154
-0.0042523, 0.02838532, -0.028092867, 0.034193803, -0.035948817, 0.02437436, 0.044762865, 0.010110179, 0.027683567
-0.005971703, 0.039472718, -0.03963109, 0.047375593, -0.049241625, 0.031438515, 0.06086491, 0.013984907, 0.038251918
-0.0033477272, 0.021847336, -0.022295672, 0.026736733, -0.027645586, 0.018439109, 0.034549963, 0.007964235, 0.021309791
-0.0057468303, 0.038636398, -0.037925426, 0.045670506, -0.047124606, 0.03145357, 0.055481628, 0.013459361, 0.036952663
-0.005712911, 0.03709174, -0.036288787, 0.043597452, -0.04473222, 0.030411223, 0.052966863, 0.01268965, 0.034849964
-0.0044286307, 0.031236479, -0.031143084, 0.04151937, -0.037296966, 0.030786319, 0.041039396, 0.011093634, 0.031613693
-0.003561677, 0.023744684, -0.023536067, 0.027150707, -0.02921933, 0.020375337, 0.036420528, 0.0081819305, 0.022429598
-0.0038030522, 0.023374578, -0.024805391, 0.02764152, -0.029328309, 0.022347443, 0.040555663, 0.008952337, 0.023868877
-0.0051138387, 0.033657137, -0.033739757, 0.03915508, -0.0419359, 0.028033441, 0.052220646, 0.0119666075, 0.03262014
-0.004995943, 0.0319604, -0.03171827, 0.038405742, -0.039165705, 0.026775746, 0.050431725, 0.011334617, 0.030586185
-0.004402602, 0.028584067, -0.02863578, 0.033695303, -0.035791583, 0.023495955, 0.044931248, 0.01010411, 0.027663233
-0.0050338, 0.03121825, -0.03313778, 0.039736845, -0.041274413, 0.027533518, 0.051493797, 0.011729008, 0.032068145
-0.0045809047, 0.029583856, -0.031064184, 0.037556726, -0.03389599, 0.02397759, 0.039215412, 0.010583706, 0.030912222
-0.0017582705, 0.020939713, -0.022035265, 0.026230138, -0.027990755, 0.017607419, 0.034901727, 0.0077691795, 0.021254066
-0.0034974557, 0.021757111, -0.0222558, 0.027000995, -0.025067268, 0.018191664, 0.03497552, 0.0079537295, 0.022572754
-0.0047379523, 0.030532207, -0.02885833, 0.03618804, -0.037784457, 0.025080536, 0.0466329, 0.011167168, 0.029162735
-0.0041642934, 0.027618412, -0.027965404, 0.03390029, -0.035069406, 0.023711162, 0.041249454, 0.009757713, 0.026727457
-0.004411474, 0.028845532, -0.029052092, 0.033702094, -0.03618718, 0.024052886, 0.045331392, 0.010204407, 0.027788963
-0.0042970004, 0.028430464, -0.027662855, 0.033230614, -0.034513492, 0.023255538, 0.041696593, 0.00973648, 0.026495814
-0.005360209, 0.03508309, -0.035100233, 0.04218227, -0.042352285, 0.03013145, 0.05469112, 0.012453742, 0.033570934
-0.0042043654, 0.027091414, -0.026163539, 0.031774353, -0.033331946, 0.022205453, 0.04118522, 0.009388219, 0.02545539
-0.004127115, 0.026997346, -0.027093561, 0.03138026, -0.03378033, 0.02269792, 0.042064853, 0.009523638, 0.026037127
-0.0047961585, 0.03143607, -0.031495642, 0.037709717, -0.039314598, 0.024992038, 0.04851895, 0.011031812, 0.030184422
-0.003745378, 0.023935197, -0.023792485, 0.02798218, -0.029788192, 0.01984429, 0.03702196, 0.008405777, 0.022885764
-0.004800153, 0.029896863, -0.03067236, 0.036724884, -0.037489213, 0.02553096, 0.04815969, 0.010817284, 0.029511798
-0.0034854526, 0.022575218, -0.02273364, 0.026496109, -0.028541764, 0.018888243, 0.03526308, 0.007995406, 0.021686053
-0.0051587787, 0.033041384, -0.033238925, 0.039672624, -0.040419288, 0.027659517, 0.051791646, 0.011701843, 0.031247683
-0.0042015635, 0.032627676, -0.03257102, 0.039350767, -0.041776597, 0.027979394, 0.046403956, 0.010275404, 0.030513372
-0.0026359495, 0.017275002, -0.017504865, 0.02082481, -0.021245139, 0.014662017, 0.027062414, 0.006117495, 0.01679692
-0.0059600687, 0.0399216, -0.038986623, 0.043600332, -0.048700046, 0.03283364, 0.06006107, 0.0136598125, 0.03732393
-0.0045492915, 0.029896002, -0.03025158, 0.03439389, -0.037681982, 0.025356237, 0.04698051, 0.01061594, 0.029101213
-0.0048579983, 0.03187891, -0.0318174, 0.03863783, -0.038471133, 0.02705509, 0.049764737, 0.011082603, 0.03049634
-0.004134643, 0.025631107, -0.027312763, 0.032510277, -0.03443548, 0.02284769, 0.0425365, 0.009536628, 0.025972525
-0.004051002, 0.026804106, -0.02723666, 0.031504817, -0.033382762, 0.022610368, 0.042338736, 0.00945701, 0.026220256
-0.0040544868, 0.027691966, -0.028832698, 0.033316016, -0.03495988, 0.023910968, 0.040127497, 0.0098581165, 0.028383989
-0.0051215934, 0.029711653, -0.028905641, 0.034308333, -0.03536366, 0.0241708, 0.045349997, 0.010231978, 0.027553277
-0.005088568, 0.03731313, -0.03862786, 0.047825553, -0.049106676, 0.032197606, 0.060030963, 0.013733771, 0.037920218
-0.0034366397, 0.02389618, -0.024948759, 0.025843656, -0.03056572, 0.020971214, 0.038505863, 0.00857819, 0.02385861
-0.003914791, 0.02937934, -0.027852628, 0.03653733, -0.037849072, 0.025843116, 0.046559624, 0.010531909, 0.028236225
-0.0031120358, 0.023167849, -0.023369374, 0.027105803, -0.027681822, 0.020896092, 0.03914082, 0.008318563, 0.021617556
-0.0043113157, 0.029610427, -0.03313859, 0.03984115, -0.041019134, 0.028286507, 0.05110376, 0.011548478, 0.029744739
-0.0032473337, 0.022615375, -0.02221306, 0.026298717, -0.027597144, 0.020423, 0.03684956, 0.008098069, 0.02259564
-0.0034565977, 0.028314674, -0.027451275, 0.03748055, -0.03319072, 0.024038438, 0.042009942, 0.01032665, 0.032043707
-0.0039977846, 0.027493542, -0.02826798, 0.03132284, -0.033895075, 0.031762566, 0.038560834, 0.009453704, 0.027637037
-0.0037118853, 0.024983535, -0.028728552, 0.034150615, -0.03561412, 0.02204247, 0.03968406, 0.008934344, 0.027022935
-0.004970635, 0.032135993, -0.033168733, 0.039311703, -0.041046973, 0.030753946, 0.049735554, 0.011572364, 0.03177652
-0.004705881, 0.029001018, -0.030422423, 0.037006505, -0.038505983, 0.02575406, 0.048168637, 0.010559351, 0.029643496
-0.0053908997, 0.034628447, -0.036507875, 0.043200195, -0.045345202, 0.029330023, 0.057649918, 0.012709536, 0.034689564
-0.0062825396, 0.030043086, -0.031926837, 0.03743502, -0.039511774, 0.02644526, 0.047499962, 0.0111070275, 0.030465486
-0.003228127, 0.024643078, -0.026131207, 0.031424914, -0.029610492, 0.022022858, 0.038080577, 0.008889776, 0.024996296
-0.004637147, 0.031234246, -0.030053008, 0.036175456, -0.03667724, 0.02322074, 0.04365959, 0.010701755, 0.030984968
-0.0036851105, 0.024068968, -0.02467592, 0.029644107, -0.031147806, 0.020370776, 0.03803656, 0.008639055, 0.022640586
-0.0038975077, 0.024811296, -0.025175203, 0.029679319, -0.030360565, 0.02087769, 0.03855471, 0.008915125, 0.024262264
-0.0049064956, 0.033787966, -0.034077186, 0.04166964, -0.041109603, 0.027352633, 0.051107597, 0.012077879, 0.032328635
-0.004904129, 0.031103376, -0.031777024, 0.037419695, -0.038029037, 0.026281893, 0.04859842, 0.011277256, 0.0309578
-0.0052585592, 0.033600055, -0.033938054, 0.040093243, -0.040714327, 0.028237673, 0.051431376, 0.012004722, 0.03310648
-0.0047400813, 0.030511474, -0.031385, 0.03679654, -0.03973266, 0.025474338, 0.047289934, 0.0106013715, 0.030841852
-0.0024013554, 0.015138972, -0.015852569, 0.01867008, -0.019892132, 0.013238015, 0.024522102, 0.0055234553, 0.014789336
-0.0029413535, 0.019819122, -0.019818645, 0.023982497, -0.024734696, 0.016954547, 0.028915165, 0.0069118217, 0.018795647
-0.004732981, 0.030908858, -0.031424012, 0.037815, -0.03963478, 0.025556043, 0.0502597, 0.011070096, 0.027711544
-0.00336852, 0.030428879, -0.034821033, 0.036024906, -0.043748543, 0.027219247, 0.046963707, 0.011299237, 0.030311748
-0.0043975785, 0.027773969, -0.028929962, 0.035165343, -0.031781334, 0.022362854, 0.04766654, 0.010068029, 0.027228884
-0.0049031037, 0.03096184, -0.029916665, 0.037978813, -0.03913656, 0.026290346, 0.04864689, 0.010803859, 0.028614892
-0.004402354, 0.0285826, -0.029826097, 0.03356041, -0.035123587, 0.025516422, 0.046866816, 0.009853958, 0.0301425
-0.004258616, 0.026403569, -0.026772723, 0.031859703, -0.033652212, 0.022572532, 0.042080577, 0.009534593, 0.025065757
-0.0036980782, 0.023764392, -0.027834512, 0.03454262, -0.02879905, 0.023575263, 0.0408055, 0.009204453, 0.021963986
-0.011053915, 0.033841997, -0.030536614, 0.030837571, -0.04439718, 0.024135586, 0.04006595, 0.012085118, 0.030723013
-0.0074187657, 0.03496187, -0.030902606, 0.037342105, -0.041891765, 0.02747853, 0.04939244, 0.011168919, 0.031486854
-0.004009802, 0.025467629, -0.024492426, 0.02576226, -0.032818254, 0.019547846, 0.037278406, 0.009334116, 0.023435513
-0.01243467, 0.05606599, -0.04548828, 0.04369913, -0.04802936, 0.033817317, 0.050102465, 0.018650496, 0.04839216
-0.0036875159, 0.023145188, -0.024174104, 0.029299144, -0.030636553, 0.01733485, 0.038892034, 0.009917352, 0.02202887
-0.00027868905, 0.024141978, -0.02775899, 0.029336613, -0.03262026, 0.022524714, 0.04477692, 0.009446122, 0.025741123
-0.004234981, 0.029043864, -0.03281871, 0.030208243, -0.040049575, 0.025702642, 0.042067934, 0.010407531, 0.028605098
-0.0102603575, 0.031899232, -0.031962562, 0.031921417, -0.04103854, 0.025218586, 0.046735294, 0.011803547, 0.030920349
-0.014483271, 0.031080512, -0.028402405, 0.028982101, -0.037176695, 0.019981265, 0.03796388, 0.012194305, 0.027259573
-0.0021388156, 0.015648345, -0.016907612, 0.018181277, -0.020736525, 0.014656803, 0.025333948, 0.005777594, 0.01620786
-0.0053309263, 0.03494158, -0.035236895, 0.042027008, -0.044249985, 0.030712992, 0.05298437, 0.010679982, 0.033760604
-0.004289907, 0.02787483, -0.026539939, 0.033186007, -0.03436498, 0.022368345, 0.041548707, 0.010716761, 0.0285488
-0.004797786, 0.029632814, -0.03141747, 0.037577473, -0.03923376, 0.026447, 0.04937243, 0.0110642575, 0.030120261
-0.004038449, 0.027635058, -0.026773425, 0.031369302, -0.033430286, 0.022254365, 0.041337587, 0.009503051, 0.025142597
-0.0033327604, 0.021558158, -0.02238701, 0.026365977, -0.027814308, 0.018724486, 0.03469824, 0.007846799, 0.021389555
-0.0051473035, 0.032244336, -0.034042355, 0.041631136, -0.042832635, 0.029431751, 0.052684586, 0.01209228, 0.03284944
-0.0026752688, 0.016522141, -0.019579642, 0.022097958, -0.02439003, 0.017220031, 0.029065687, 0.0067126136, 0.019329185
-0.0048318948, 0.033272278, -0.03162333, 0.037857376, -0.03965907, 0.026000673, 0.048157413, 0.010883756, 0.029942457
-0.005618577, 0.03422523, -0.036918696, 0.04432848, -0.04608037, 0.031082802, 0.057417415, 0.01302296, 0.035656165
-0.004835273, 0.030277977, -0.03223965, 0.038843147, -0.03993006, 0.027101226, 0.049745627, 0.011134144, 0.031046027
-0.0050752307, 0.0353364, -0.035997164, 0.04116332, -0.045273267, 0.032350603, 0.05286179, 0.012476143, 0.03409954
-0.003928541, 0.024672033, -0.025773373, 0.030750435, -0.032290023, 0.021863358, 0.040228203, 0.009021328, 0.023914987
-0.0045406385, 0.026513452, -0.030019868, 0.03603087, -0.03770135, 0.025311839, 0.04655341, 0.010558818, 0.028733954
-0.003920165, 0.029581953, -0.030357033, 0.035216317, -0.036687665, 0.024506485, 0.048228655, 0.0105532, 0.028288195
-0.005230232, 0.033695586, -0.03494318, 0.042919654, -0.043561768, 0.030114884, 0.052033465, 0.012218706, 0.03346086
-0.0032737572, 0.020781072, -0.018812507, 0.026351618, -0.028615013, 0.019649314, 0.03110186, 0.007449289, 0.019393163
-0.0040229894, 0.025429912, -0.026237791, 0.030386075, -0.034236863, 0.022506459, 0.03945168, 0.009212259, 0.025981816
-0.0047538886, 0.030642798, -0.03117644, 0.03869263, -0.040357012, 0.025955498, 0.049722534, 0.011318041, 0.032490566
-0.004653333, 0.031051492, -0.032109994, 0.038987115, -0.03542747, 0.02745951, 0.049165845, 0.011128937, 0.031070836
-0.0033228882, 0.02244589, -0.023055384, 0.026852246, -0.029529545, 0.017317398, 0.035941385, 0.0082597155, 0.021875547
-0.0045201164, 0.026056135, -0.0269956, 0.030752847, -0.031603646, 0.021503627, 0.040140197, 0.008144411, 0.027775573
-0.0068804533, 0.036693815, -0.037123326, 0.04686163, -0.04295517, 0.03207491, 0.058782544, 0.013251055, 0.033408083
-0.004239254, 0.027396822, -0.028586306, 0.032840397, -0.03428629, 0.024434794, 0.044900637, 0.010144664, 0.027144663
-0.0040024766, 0.024778273, -0.026827373, 0.032830637, -0.0340795, 0.023334274, 0.04117039, 0.009339191, 0.024339376
-0.004162211, 0.027145006, -0.027204333, 0.032104794, -0.03697833, 0.023078823, 0.04489268, 0.009640358, 0.027438585
-0.0042531746, 0.02802541, -0.02833068, 0.03139431, -0.0351636, 0.02396679, 0.04419201, 0.009812169, 0.026387544
-0.003255718, 0.021390405, -0.022268783, 0.027273754, -0.025173334, 0.01840975, 0.032516688, 0.0076614395, 0.022673536
-0.0046984097, 0.028977282, -0.029600365, 0.036217015, -0.03622778, 0.025774512, 0.043296155, 0.010295707, 0.028198633
-0.0047516865, 0.031644333, -0.0321225, 0.0378456, -0.039843533, 0.027705017, 0.04603095, 0.0119134635, 0.03061304
-0.0021013631, 0.017426627, -0.018119646, 0.021581404, -0.021644777, 0.015444286, 0.027504927, 0.006291923, 0.017578274
-0.003937579, 0.028124725, -0.029490214, 0.035732612, -0.036408033, 0.02507403, 0.035922907, 0.00995554, 0.028349888
-0.0038994048, 0.026410045, -0.026810445, 0.031066444, -0.03340229, 0.022115635, 0.04148442, 0.009384618, 0.026118107
-0.002970856, 0.020365003, -0.021681186, 0.025574187, -0.027241668, 0.018236697, 0.027564257, 0.0073287175, 0.020621862
-0.0041450607, 0.028555725, -0.030474039, 0.03551008, -0.03632345, 0.025987238, 0.035815123, 0.010107743, 0.029207753
-0.0043220683, 0.030411612, -0.030818092, 0.036314595, -0.039472964, 0.024634806, 0.04646679, 0.010939967, 0.028267588
-0.0032920088, 0.024141, -0.026369732, 0.030019931, -0.033222314, 0.022699105, 0.040718272, 0.009208748, 0.025029983
-0.0051977616, 0.034869395, -0.037087686, 0.0389966, -0.046289243, 0.029018924, 0.05760762, 0.012794866, 0.035521645
-0.0037588514, 0.025613198, -0.027948845, 0.030266188, -0.03190235, 0.021484425, 0.040835958, 0.0091876015, 0.023651294
-0.004904051, 0.032521572, -0.033382133, 0.03877787, -0.041783385, 0.027243495, 0.05121134, 0.012195447, 0.030390967
-0.0042393114, 0.028793521, -0.028437013, 0.03429719, -0.035626624, 0.022086738, 0.043936037, 0.010813338, 0.028115772
-0.0032844492, 0.02720006, -0.027448094, 0.032773696, -0.03292287, 0.024595194, 0.04463632, 0.0097391, 0.024672767
-0.003655509, 0.026501253, -0.027119344, 0.03205469, -0.033524435, 0.021208974, 0.04055231, 0.009504362, 0.026581082
-0.0046368083, 0.032505166, -0.032956712, 0.03884486, -0.041833267, 0.02720448, 0.04795821, 0.0115574505, 0.032379795
-0.0046668095, 0.035077363, -0.031719916, 0.036029056, -0.036042444, 0.026002461, 0.04953463, 0.012318686, 0.030676665
-0.0046779686, 0.03123291, -0.03164274, 0.03768423, -0.038502622, 0.025792336, 0.045929033, 0.011204256, 0.03251899
-0.0053943726, 0.035555825, -0.036306232, 0.0426358, -0.044638738, 0.026922943, 0.054982293, 0.012446168, 0.03293806
-0.00536614, 0.035518743, -0.036244415, 0.04287401, -0.042812765, 0.028428959, 0.051828712, 0.012944931, 0.036512334
-0.0037084927, 0.025271272, -0.023982503, 0.03017097, -0.031332046, 0.020734265, 0.03847359, 0.00981469, 0.024918022
-0.003426157, 0.026002597, -0.02859294, 0.031984415, -0.03273112, 0.022438109, 0.045837518, 0.009681145, 0.026664274
-0.004089986, 0.02838318, -0.031058418, 0.033315558, -0.03880108, 0.025234196, 0.047933448, 0.01066668, 0.02807072
-0.0035047324, 0.024622869, -0.024144111, 0.030109271, -0.031668678, 0.021228515, 0.0387775, 0.008883485, 0.024604509
-0.0038762845, 0.026967008, -0.028586194, 0.030513545, -0.03617951, 0.02077624, 0.043791045, 0.00968433, 0.024947658
-0.0036352165, 0.031125328, -0.031535085, 0.036726374, -0.039376803, 0.024679838, 0.048306488, 0.011153313, 0.030965416
-0.0032469563, 0.025405483, -0.025669822, 0.03064294, -0.031509902, 0.020054521, 0.038595777, 0.009062283, 0.025829945
-0.004563821, 0.02980373, -0.03006433, 0.03603365, -0.036004327, 0.023696132, 0.04391583, 0.010584041, 0.030224854
-0.0050173127, 0.04083179, -0.03986258, 0.049298085, -0.05135354, 0.03254205, 0.0630058, 0.013689821, 0.041419964
-0.0047291312, 0.03202261, -0.03388261, 0.039902426, -0.04117542, 0.026730616, 0.04632682, 0.01140369, 0.033217743
-0.0037811245, 0.026864199, -0.027489051, 0.034498733, -0.034061983, 0.022837138, 0.041781295, 0.0097364355, 0.027081983
-0.0024548376, 0.023737006, -0.025390571, 0.028793078, -0.0306722, 0.020555595, 0.038421195, 0.0055112154, 0.022633124
-0.0037746646, 0.026624985, -0.02840478, 0.033580266, -0.034776554, 0.021124056, 0.04377448, 0.009629655, 0.027264142
-0.0042000473, 0.0289376, -0.030303156, 0.036195483, -0.03767184, 0.025516836, 0.046244297, 0.011010879, 0.02953835
-0.0037858656, 0.026033472, -0.025692755, 0.03208438, -0.030963067, 0.02075818, 0.037888292, 0.009193018, 0.023910642
-0.0032652062, 0.02412881, -0.025142703, 0.03173132, -0.03262004, 0.020735089, 0.03464345, 0.008728585, 0.021937199
-0.0051704487, 0.03418822, -0.033898693, 0.04077981, -0.03829415, 0.027687697, 0.052610114, 0.012133549, 0.03400789
-0.0052291863, 0.03513055, -0.034454357, 0.043727588, -0.04036491, 0.027377713, 0.048634052, 0.013766059, 0.032700047
-0.0044503207, 0.028697567, -0.028898623, 0.03192608, -0.035608787, 0.022963006, 0.043771338, 0.010580334, 0.02831712
-0.0060433075, 0.029948836, -0.028366048, 0.033533253, -0.03386886, 0.022768883, 0.03899142, 0.010026223, 0.029142186
-0.0040819654, 0.025852626, -0.028671682, 0.033981193, -0.033373836, 0.023143508, 0.044158794, 0.010169492, 0.02757649
-0.0042932634, 0.030679058, -0.024447253, 0.034589652, -0.035174966, 0.023340432, 0.04337667, 0.008820432, 0.027526882
-0.0040359222, 0.026342304, -0.026520219, 0.029483672, -0.031775333, 0.021596836, 0.041894186, 0.009386923, 0.025913447
-0.0042163436, 0.027457178, -0.024917947, 0.033536445, -0.03409495, 0.022759682, 0.04273667, 0.010872253, 0.029534416
-0.00397195, 0.027237576, -0.023793263, 0.03231644, -0.032940444, 0.022029534, 0.04095673, 0.011585303, 0.026568595
-0.00532481, 0.034175083, -0.03376512, 0.04246729, -0.043085705, 0.029447922, 0.0533983, 0.015571357, 0.03782824
-0.0028742042, 0.0198405, -0.020926429, 0.024925454, -0.024761358, 0.014550735, 0.031322014, 0.0071101906, 0.019816382
-0.003963081, 0.02517653, -0.025056157, 0.034964476, -0.03469802, 0.021318266, 0.03693626, 0.008894643, 0.025188271
-0.005737736, 0.036265202, -0.033337157, 0.048589766, -0.046209943, 0.034754433, 0.051562443, 0.016664421, 0.037695896
-0.005473734, 0.037357446, -0.037509326, 0.044608183, -0.046278022, 0.02955852, 0.057100702, 0.013240991, 0.03623983
-0.0054543596, 0.0382761, -0.039336983, 0.046766054, -0.04835138, 0.03104151, 0.060307626, 0.013858324, 0.036392126
-0.0063385963, 0.04120594, -0.03779522, 0.048524063, -0.05027236, 0.032752853, 0.06177447, 0.01518832, 0.0410054
-0.0030242351, 0.020727618, -0.021006105, 0.025003305, -0.025409214, 0.017200815, 0.031949367, 0.0074045225, 0.02077426
-0.004781109, 0.03059677, -0.030949054, 0.03550522, -0.036864027, 0.025094058, 0.047842376, 0.010725943, 0.029560594
-0.0051211054, 0.03230753, -0.031343937, 0.037617408, -0.0398199, 0.02599481, 0.04836188, 0.012095326, 0.032266907
-0.0056109377, 0.037010584, -0.037338413, 0.04284356, -0.046629794, 0.030128304, 0.056599155, 0.013036279, 0.036280148
-0.0053401017, 0.034099266, -0.03388497, 0.039899092, -0.040717058, 0.028092537, 0.052890487, 0.012217492, 0.033350747
-0.0045143473, 0.028524034, -0.030342275, 0.03696412, -0.03767529, 0.024888055, 0.047005214, 0.010594027, 0.028799186
-0.0056090904, 0.03579883, -0.035742342, 0.04142815, -0.04390067, 0.028623806, 0.05118046, 0.01213679, 0.033585627
-0.005132538, 0.0338827, -0.035296433, 0.043205913, -0.039914, 0.029203223, 0.05444585, 0.012434801, 0.032011848
-0.0053914343, 0.032694437, -0.03237472, 0.03785827, -0.04046036, 0.025776433, 0.048545383, 0.011924318, 0.031476006
-0.0052824733, 0.03981712, -0.032895006, 0.044846002, -0.033947937, 0.030614812, 0.056967925, 0.008291135, 0.037033238
-0.0037343057, 0.02786252, -0.024766747, 0.035708524, -0.036413655, 0.020043701, 0.043660264, 0.009915687, 0.028004067
-0.0035450335, 0.03078169, -0.031587914, 0.037322775, -0.03872086, 0.025612203, 0.044792213, 0.010598675, 0.029549481
-0.0059363726, 0.037868448, -0.035640363, 0.046042215, -0.04693356, 0.031691857, 0.059624515, 0.014002342, 0.037329666
-0.0020644115, 0.027078401, -0.026836218, 0.03188174, -0.033334494, 0.021721786, 0.03867449, 0.0095523195, 0.025571426
-0.0049272883, 0.034088656, -0.035071947, 0.041131213, -0.04230173, 0.028402949, 0.052806016, 0.0130506065, 0.03149976
-0.0022690725, 0.027026273, -0.027661312, 0.032660447, -0.035982646, 0.02371476, 0.040244617, 0.009593526, 0.025441881
-0.00497451, 0.031976156, -0.035061847, 0.038762152, -0.04103091, 0.02814485, 0.050773, 0.011420842, 0.028719218
-0.0035671974, 0.031314638, -0.032575388, 0.03638711, -0.03937019, 0.025404984, 0.04084289, 0.010853635, 0.031649344
-0.0030782816, 0.033055063, -0.03197089, 0.03930363, -0.040695705, 0.026216162, 0.05019793, 0.012226038, 0.032369707
-0.00518895, 0.034553654, -0.036267076, 0.042777374, -0.042869743, 0.028028917, 0.05618902, 0.013004273, 0.03532544
-0.0024795933, 0.017254742, -0.016654167, 0.020022353, -0.0206129, 0.013103183, 0.02514743, 0.005944813, 0.016307302
-0.004935064, 0.034561776, -0.032571714, 0.040330965, -0.038856078, 0.027414087, 0.052745868, 0.01200053, 0.033398423
-0.004577368, 0.029562661, -0.030039594, 0.036022052, -0.033262916, 0.024432799, 0.046927094, 0.010577141, 0.03044302
-0.0047268025, 0.0328978, -0.03280303, 0.039214477, -0.040771272, 0.027006026, 0.046653617, 0.011656269, 0.032415107
-0.00474886, 0.026013754, -0.027052378, 0.031565186, -0.03212751, 0.022711888, 0.04153906, 0.009358853, 0.025040457
-0.004271752, 0.02742758, -0.02928089, 0.034633443, -0.036057774, 0.024018778, 0.042888645, 0.010758329, 0.028291134
-0.0034651381, 0.02511313, -0.024692612, 0.02950649, -0.031197486, 0.019803725, 0.035360154, 0.008404694, 0.024424663
-0.004601265, 0.02683866, -0.03048626, 0.036674283, -0.03793929, 0.026094675, 0.048455633, 0.010655282, 0.027947048
-0.003948599, 0.027452635, -0.028130151, 0.032397997, -0.0324979, 0.022647198, 0.0402135, 0.009653037, 0.027781937
-0.004112143, 0.027441017, -0.028108705, 0.0336806, -0.034980033, 0.02325773, 0.040391825, 0.009833576, 0.027086247
-0.0045578396, 0.034833953, -0.03242771, 0.037954114, -0.03882458, 0.025806574, 0.048306804, 0.007974855, 0.030194191
-0.0041276985, 0.027824972, -0.02892685, 0.037758887, -0.037811577, 0.025176601, 0.047330108, 0.010643485, 0.028012197
-0.0057434933, 0.02797329, -0.03357316, 0.037452042, -0.04108186, 0.030420449, 0.049587313, 0.010893997, 0.031306855
-0.00459084, 0.028955523, -0.03271557, 0.038796045, -0.040162727, 0.027299065, 0.049303077, 0.01211769, 0.031216279
-0.0013175233, 0.024186378, -0.025783954, 0.031002862, -0.031781442, 0.02070878, 0.039100777, 0.009513516, 0.024503514
-0.0025584612, 0.023153016, -0.027447939, 0.03201334, -0.033086862, 0.021833204, 0.040152583, 0.009168061, 0.026752885
-0.004523484, 0.035928875, -0.029545747, 0.039152604, -0.039420273, 0.026043845, 0.04523918, 0.01017099, 0.029464897
-0.002701373, 0.023845524, -0.020938002, 0.02774288, -0.02710922, 0.018970167, 0.036597595, 0.00822744, 0.022975048
-0.0045845243, 0.030760413, -0.031415757, 0.038645595, -0.038073573, 0.02603227, 0.04757796, 0.010940449, 0.02921245
-0.0021577266, 0.024213757, -0.02398477, 0.027830644, -0.026915122, 0.019128004, 0.03490559, 0.009235568, 0.023157261
-0.0049919956, 0.03555876, -0.038959377, 0.041199878, -0.044036075, 0.027900765, 0.049635965, 0.008032588, 0.03581999
-0.0033656457, 0.021590209, -0.023115866, 0.028199265, -0.02870497, 0.019351322, 0.03411565, 0.007857896, 0.022347836
-0.0046639116, 0.03196754, -0.032655798, 0.039152525, -0.040724706, 0.02724989, 0.04656607, 0.011406301, 0.031385403
-0.0026971076, 0.025479866, -0.027324405, 0.031251725, -0.034793638, 0.02272833, 0.042168606, 0.009576943, 0.025411803
-0.0045901365, 0.028976478, -0.031326953, 0.037401963, -0.038384825, 0.026402896, 0.048612695, 0.010957096, 0.027493307
-0.0040609296, 0.023253255, -0.02346795, 0.027206074, -0.030673103, 0.01774809, 0.033277445, 0.0082238065, 0.022451488
-0.003908534, 0.025957016, -0.026221951, 0.03140518, -0.032519605, 0.021501336, 0.040149827, 0.009679545, 0.025342459
-0.00499695, 0.033064988, -0.033336375, 0.039893158, -0.041447826, 0.02652563, 0.051538903, 0.011712435, 0.03218272
-0.0042630355, 0.028086925, -0.028049503, 0.034392156, -0.036672637, 0.02424487, 0.037324578, 0.009698704, 0.02647217
-0.0040279035, 0.02794642, -0.030263346, 0.035972003, -0.03711879, 0.024815671, 0.045650437, 0.010491914, 0.028468883
-0.00459893, 0.028270593, -0.030546263, 0.038015917, -0.03881863, 0.026339522, 0.045299437, 0.010650592, 0.02786109
-0.0038429133, 0.02510775, -0.02312019, 0.030378165, -0.029686602, 0.021666044, 0.040570747, 0.008777164, 0.023973916
-0.0042078933, 0.027709384, -0.028785534, 0.0347527, -0.036096577, 0.024490897, 0.04526437, 0.010128805, 0.027175875
-0.005211206, 0.031475253, -0.034415286, 0.040566433, -0.04309542, 0.029094102, 0.05708953, 0.012206351, 0.033152338
-0.0047262344, 0.031015702, -0.03150529, 0.036452916, -0.03903513, 0.026610686, 0.049305577, 0.011030126, 0.029760284
-0.004403697, 0.027808638, -0.029197231, 0.033662364, -0.03633914, 0.024355697, 0.04605222, 0.010229115, 0.028010065
-0.0045476113, 0.026137315, -0.027677672, 0.029129365, -0.03124126, 0.02253048, 0.041705497, 0.010045018, 0.03008348
-0.00445453, 0.027271254, -0.0294842, 0.035203766, -0.036583308, 0.025103811, 0.04633441, 0.010252074, 0.027866254
-0.0044718115, 0.02912573, -0.030055756, 0.035762247, -0.038718104, 0.025900511, 0.04359933, 0.010542069, 0.028872905
-0.005504681, 0.036183123, -0.03632416, 0.0417716, -0.04563985, 0.030903563, 0.05658533, 0.01276396, 0.034953233
-0.0039480478, 0.027364755, -0.02520696, 0.03031558, -0.03235158, 0.02132946, 0.03811086, 0.009191673, 0.027842673
-0.004170687, 0.026828608, -0.027734213, 0.03333073, -0.03464429, 0.023426179, 0.04328563, 0.009623772, 0.026939962
-0.003979128, 0.024394829, -0.026364628, 0.03152834, -0.032956995, 0.022288958, 0.040839087, 0.009209885, 0.025193065
-0.004797569, 0.030478867, -0.031810716, 0.038086362, -0.041276544, 0.026246073, 0.04799843, 0.010943744, 0.029102944
-0.004042044, 0.026432857, -0.027059417, 0.031032799, -0.033953868, 0.022692673, 0.041981332, 0.0094676195, 0.025761683
-0.0050514475, 0.032698024, -0.03358913, 0.039732248, -0.04367557, 0.028687648, 0.049531687, 0.011745463, 0.032145165
-0.005268967, 0.03409855, -0.0349752, 0.041266043, -0.0431427, 0.028233591, 0.055873472, 0.009588906, 0.033605576
-0.005121596, 0.032614715, -0.033824533, 0.03967479, -0.043933153, 0.02844395, 0.050294988, 0.011914295, 0.0325398
-0.0048845042, 0.030141985, -0.031546533, 0.035930682, -0.040013075, 0.026762404, 0.048491426, 0.011104792, 0.030250238
-0.0041810665, 0.02308133, -0.023234982, 0.027931975, -0.028464306, 0.017635558, 0.033658154, 0.008013471, 0.022070674
-0.0042866142, 0.031107048, -0.030210521, 0.03758085, -0.039105948, 0.026284613, 0.048265036, 0.010702797, 0.030129759
-0.0045785266, 0.03161516, -0.033510488, 0.038316853, -0.039871804, 0.027011922, 0.044727214, 0.011246034, 0.031680163
-0.003578659, 0.024372205, -0.024830025, 0.030416088, -0.030736007, 0.020616481, 0.03696072, 0.008706481, 0.023730364
-0.0044824216, 0.027962802, -0.031708073, 0.03492516, -0.039225984, 0.026891783, 0.04921495, 0.010989064, 0.03026523
-0.0042729303, 0.028311364, -0.031471156, 0.034790795, -0.03609094, 0.025177032, 0.03980064, 0.0101322, 0.029599136
-0.0035939661, 0.028032836, -0.029458381, 0.0342736, -0.033261653, 0.02405908, 0.044474732, 0.010043576, 0.026979463
-0.0034479406, 0.023227334, -0.025115484, 0.027327325, -0.03195394, 0.021956878, 0.040302623, 0.008927275, 0.02680179
-0.0032573224, 0.029391497, -0.030163715, 0.033613883, -0.036956206, 0.025236843, 0.045846414, 0.010514015, 0.029923884
-0.0020222578, 0.0210829, -0.022324488, 0.024767285, -0.027680501, 0.018636746, 0.029833484, 0.0075157783, 0.02133048
-0.004317094, 0.029768702, -0.030908989, 0.036948632, -0.040756967, 0.027337706, 0.039397735, 0.01059881, 0.02876462
-0.003652146, 0.028438648, -0.029077232, 0.035193365, -0.03634712, 0.024386842, 0.04185505, 0.010153787, 0.028064335
-0.003627341, 0.025164299, -0.02628779, 0.02897403, -0.033531647, 0.021224938, 0.038556263, 0.009023893, 0.024607223
-0.0037484698, 0.029100483, -0.029965287, 0.032675922, -0.036969204, 0.024764823, 0.04541057, 0.010378724, 0.029052723
-0.004650023, 0.03012454, -0.029831508, 0.035572506, -0.037361577, 0.0242067, 0.046185333, 0.010447898, 0.028474778
-0.0038185387, 0.024819132, -0.029752761, 0.030239174, -0.03519292, 0.022422044, 0.039541773, 0.009343859, 0.025013823
-0.0037205725, 0.025848232, -0.028088506, 0.033163168, -0.032326296, 0.022763798, 0.037380055, 0.009211415, 0.026247695
-0.0032441802, 0.028962104, -0.030183243, 0.03472947, -0.037159912, 0.025375802, 0.042762652, 0.006738472, 0.030692864
-0.001963845, 0.026423443, -0.027278414, 0.035132106, -0.03347096, 0.022389665, 0.040551152, 0.009531977, 0.025587568
-0.0033691758, 0.025209345, -0.025502138, 0.031014096, -0.03255905, 0.022163384, 0.040050756, 0.00886986, 0.02437569
-0.0034086592, 0.027468603, -0.029000102, 0.034099787, -0.035602894, 0.024758529, 0.043161806, 0.009332296, 0.027598014
-0.004011663, 0.027542148, -0.027756698, 0.032544035, -0.033216126, 0.02381201, 0.04346867, 0.009732512, 0.026701277
-0.0041550635, 0.027293945, -0.028010821, 0.03469329, -0.036024112, 0.024073899, 0.041526355, 0.010647162, 0.025939796
-0.002979843, 0.021143576, -0.021442274, 0.02659237, -0.027208705, 0.017137641, 0.03238318, 0.007298491, 0.021450406
-0.004944598, 0.03295793, -0.032931704, 0.039722703, -0.041167635, 0.027684493, 0.048244357, 0.011423851, 0.031512104
-0.0050745434, 0.031515665, -0.030965764, 0.037230115, -0.039030205, 0.025710296, 0.04860023, 0.010915979, 0.029657079
-0.004445947, 0.029338447, -0.029254615, 0.034331895, -0.03601564, 0.02417777, 0.044982877, 0.010439731, 0.02841994
-0.004418808, 0.026659613, -0.027312366, 0.032703947, -0.032930657, 0.020948358, 0.04177037, 0.0098072225, 0.02693353
-0.006462745, 0.031044915, -0.033640377, 0.038455103, -0.041758426, 0.026147362, 0.0512461, 0.012359216, 0.034287248
-0.003950859, 0.022298804, -0.022573607, 0.027259257, -0.027586669, 0.016723702, 0.034186043, 0.008502129, 0.022447126
-0.0058801104, 0.028320828, -0.028405238, 0.033391442, -0.036655895, 0.02229606, 0.04380884, 0.0102144815, 0.026600266
-0.0072585843, 0.028493445, -0.02891983, 0.03446612, -0.03398323, 0.021329036, 0.043336228, 0.0103828, 0.02841573
-0.0048257755, 0.026088456, -0.02531938, 0.031691145, -0.03239953, 0.020259203, 0.03908309, 0.009968829, 0.026319938
-0.004513134, 0.024260879, -0.030660328, 0.03710662, -0.037856605, 0.021148987, 0.04550946, 0.010527587, 0.026736617
-0.0052621667, 0.028968127, -0.028806932, 0.037119392, -0.037901796, 0.024445865, 0.04710282, 0.010970678, 0.030063493
-0.0048426143, 0.03151946, -0.031522047, 0.03763578, -0.0376849, 0.023563799, 0.04917713, 0.011143009, 0.030437933
-0.004757511, 0.031878185, -0.031584714, 0.037778802, -0.03936675, 0.02690323, 0.04492097, 0.010970659, 0.030434756
-0.00523061, 0.03875615, -0.034205806, 0.040726393, -0.040860873, 0.027459158, 0.051324263, 0.0121870255, 0.032657348
-0.005114157, 0.033522435, -0.033781048, 0.040240645, -0.041878458, 0.025079347, 0.051751796, 0.01192815, 0.032637153
-0.0056040375, 0.0335172, -0.034611203, 0.042209297, -0.043757953, 0.027733782, 0.04856674, 0.012257534, 0.03536639
-0.008006121, 0.03467475, -0.03641678, 0.045385502, -0.045669384, 0.02795795, 0.053769544, 0.013092432, 0.031157486
-0.004394456, 0.029508382, -0.027976688, 0.03614249, -0.030512707, 0.024006685, 0.043250024, 0.010046318, 0.0279136
-0.0035126277, 0.022841694, -0.019515412, 0.02781279, -0.027283628, 0.018532215, 0.0333902, 0.007795953, 0.020076167
-0.0034778754, 0.019612527, -0.022247247, 0.027329622, -0.026846483, 0.018478785, 0.03528596, 0.007950771, 0.021538876
-0.0040303725, 0.025850624, -0.025758488, 0.031200659, -0.03206824, 0.018270556, 0.040490896, 0.009163075, 0.024839584
-0.0051308833, 0.036899783, -0.03295282, 0.040242553, -0.03943219, 0.026870674, 0.04910325, 0.014314432, 0.03202066
-0.005498574, 0.035654064, -0.035129562, 0.042187087, -0.039851427, 0.027784131, 0.054494962, 0.012097174, 0.03421431
-0.0042181285, 0.027424267, -0.027721763, 0.033168625, -0.03418306, 0.023387592, 0.043438908, 0.00972704, 0.026007082
-0.0047108075, 0.030604213, -0.02905021, 0.03518475, -0.037705053, 0.024962932, 0.0476792, 0.010870617, 0.029543174
-0.0042661126, 0.027421853, -0.02706175, 0.032172114, -0.034134228, 0.0222426, 0.03876593, 0.009611029, 0.026491662
-0.0054247845, 0.03531387, -0.02999877, 0.041520428, -0.039423436, 0.028689396, 0.05535242, 0.01224133, 0.03358601
-0.0028663315, 0.01853501, -0.01735369, 0.020729871, -0.022578266, 0.015088449, 0.028955456, 0.0064609433, 0.017602332
-0.0040843445, 0.026688838, -0.026412478, 0.032493625, -0.028381119, 0.022476656, 0.041370075, 0.009376845, 0.02565924
-0.003860631, 0.024906406, -0.022034643, 0.030075528, -0.030910628, 0.020386659, 0.039043687, 0.008791727, 0.024035342
-0.00571969, 0.03103965, -0.030876547, 0.03770164, -0.036337733, 0.025681796, 0.050618123, 0.0112055605, 0.029628638
-0.0039784033, 0.026668034, -0.024978522, 0.031230513, -0.032246932, 0.021191487, 0.03708725, 0.009228494, 0.027132612
-0.0056548677, 0.035216473, -0.035203196, 0.041321047, -0.042900972, 0.02682837, 0.051360644, 0.009775706, 0.033961624
-0.004391111, 0.02748835, -0.02865883, 0.03364624, -0.035386045, 0.021843731, 0.044558886, 0.007493497, 0.027486281
-0.0047180224, 0.030813396, -0.030414866, 0.036379606, -0.038231876, 0.024900386, 0.047319446, 0.01070882, 0.029026799
-0.0042529865, 0.025281103, -0.02774333, 0.03291736, -0.034459345, 0.02376835, 0.041915122, 0.009774852, 0.026373506
-0.0032540953, 0.021285089, -0.025770327, 0.03263415, -0.03079578, 0.02075934, 0.035525747, 0.008885323, 0.023704205
-0.0025438825, 0.027708605, -0.02815065, 0.030936329, -0.034414813, 0.024035921, 0.03735132, 0.009614599, 0.028000623
-0.005002173, 0.03365272, -0.031601273, 0.039575204, -0.04309399, 0.028850922, 0.05397782, 0.012011569, 0.029306151
-0.004078358, 0.027923735, -0.028067626, 0.034602523, -0.034160834, 0.022606848, 0.03846548, 0.009831876, 0.028524326
-0.004417181, 0.029759295, -0.030051824, 0.036812987, -0.038296036, 0.02483089, 0.039833784, 0.010726246, 0.031415492
-0.0042088255, 0.03091075, -0.026049998, 0.03491511, -0.040702794, 0.027671123, 0.051138174, 0.011112051, 0.028491518
-0.0032189805, 0.021864736, -0.021966463, 0.027632052, -0.024344843, 0.015046832, 0.03279278, 0.007689357, 0.019641759
-0.0044610696, 0.029503558, -0.029835377, 0.035008535, -0.029624805, 0.023930768, 0.045903586, 0.01058426, 0.029099531
-0.0047402303, 0.030305952, -0.0334944, 0.03755426, -0.041656755, 0.025497213, 0.04020957, 0.011137358, 0.030066457
-0.004536062, 0.030260967, -0.029586934, 0.035385348, -0.03718945, 0.02514667, 0.045184363, 0.010386715, 0.028135885
-0.003925363, 0.030413093, -0.030785402, 0.03678506, -0.038136262, 0.02556991, 0.046747293, 0.010795704, 0.027566832
-0.0048540737, 0.033264328, -0.03224541, 0.037282974, -0.040286623, 0.026494937, 0.047892902, 0.011538114, 0.031461786
-0.0037718592, 0.027116515, -0.028883679, 0.032658227, -0.03246433, 0.022545459, 0.041865, 0.00400633, 0.026296616
-0.003779889, 0.025266282, -0.021180822, 0.03122991, -0.0314599, 0.02090244, 0.03871929, 0.00942714, 0.026312957
-0.003976981, 0.026087776, -0.026399583, 0.032017346, -0.03293313, 0.022643078, 0.038911846, 0.009206065, 0.025282841
-0.0034647868, 0.02625607, -0.02067173, 0.029146176, -0.027981702, 0.016777499, 0.03309497, 0.009690926, 0.023105577
-0.0045067454, 0.03031041, -0.027395533, 0.030465158, -0.031213334, 0.0230964, 0.04064691, 0.011470011, 0.024547238
-0.003900914, 0.026106816, -0.023318, 0.031027758, -0.03257805, 0.021655908, 0.03928521, 0.008874214, 0.024864148
-0.003751712, 0.02327565, -0.022441845, 0.029810367, -0.030923143, 0.02114705, 0.039398134, 0.008796521, 0.024016932
-0.0003851501, 0.030592969, -0.028353779, 0.03742173, -0.038192227, 0.02558414, 0.047138583, 0.008462004, 0.029679783
-0.003548585, 0.02240252, -0.022397377, 0.026219623, -0.0280318, 0.01880274, 0.03467494, 0.007919638, 0.021462439
-0.0042886874, 0.030110268, -0.024255374, 0.034646552, -0.034451418, 0.023564648, 0.03920755, 0.0125043765, 0.02947963
-0.004622619, 0.030514091, -0.031985097, 0.038762957, -0.037776943, 0.02545798, 0.040874504, 0.01394089, 0.034523554
-0.0044352897, 0.03803417, -0.02851824, 0.035343174, -0.03565126, 0.024480391, 0.0395155, 0.010789641, 0.029809834
-0.0033281446, 0.02424748, -0.022923978, 0.02814598, -0.027477432, 0.016807102, 0.03197918, 0.008053567, 0.022142045
-0.004877274, 0.024635233, -0.025002602, 0.03194842, -0.033244964, 0.021595724, 0.033092566, 0.008742123, 0.023808846
-0.0043564197, 0.029810676, -0.029802158, 0.035446305, -0.036548004, 0.02419064, 0.045251153, 0.010725792, 0.02308284
-0.00477324, 0.03757703, -0.031237077, 0.03753625, -0.037345443, 0.027108382, 0.047774576, 0.012140197, 0.029195987
-0.004344452, 0.02952622, -0.032417197, 0.037442837, -0.03747756, 0.025154276, 0.04116943, 0.01346313, 0.029056758
-0.005257406, 0.03844556, -0.033583116, 0.04485975, -0.044846535, 0.028960312, 0.045944657, 0.012673351, 0.036707938
-0.004097693, 0.028314166, -0.029875757, 0.03228886, -0.032658678, 0.025383884, 0.04730159, 0.010138864, 0.025684705
-0.0032849812, 0.026724003, -0.028106237, 0.030791843, -0.034539923, 0.024002448, 0.0429029, 0.009787426, 0.026679482
-0.0047622765, 0.031390097, -0.032791324, 0.03808229, -0.03983096, 0.028201811, 0.051042903, 0.011376749, 0.03128509
-0.0049170866, 0.029729925, -0.030050628, 0.03595936, -0.037822794, 0.024987845, 0.04325309, 0.010543386, 0.029710198
-0.008403111, 0.035874892, -0.03706974, 0.042144895, -0.042128053, 0.028958526, 0.0520417, 0.008817466, 0.035199225
-0.004688001, 0.02857159, -0.03377935, 0.028333087, -0.033097748, 0.022932654, 0.04256605, 0.009898632, 0.023972185
-0.0047717397, 0.0269517, -0.026063943, 0.0266898, -0.031909604, 0.021611804, 0.04224304, 0.009198043, 0.026454384
-0.0039163586, 0.028651575, -0.02955291, 0.030777069, -0.031573713, 0.022729617, 0.046427585, 0.009987981, 0.028400688
-0.0037744706, 0.028126223, -0.022366947, 0.03268189, -0.03460233, 0.02267387, 0.042219777, 0.009501363, 0.026823904
-0.0026332173, 0.019111488, -0.01933898, 0.02229079, -0.026538696, 0.015616463, 0.029110987, 0.0061200075, 0.017305003
-0.0044204695, 0.026435796, -0.025453424, 0.030308321, -0.032238226, 0.021771444, 0.040407676, 0.009200541, 0.024673494
-0.004869664, 0.027921448, -0.030092899, 0.0359843, -0.037713204, 0.025936347, 0.04652134, 0.010484881, 0.028904008
-0.0050763967, 0.033247948, -0.03321051, 0.040106416, -0.03421607, 0.026020652, 0.05436186, 0.011529908, 0.031508483
-0.0047613173, 0.03296668, -0.033365, 0.040208414, -0.04091487, 0.028217478, 0.051325046, 0.011687742, 0.031199433
-0.001829593, 0.031279027, -0.031197058, 0.036936343, -0.03966221, 0.025671676, 0.0465082, 0.011073847, 0.030347664
-0.004180005, 0.027256722, -0.027143221, 0.032796323, -0.03432403, 0.022863101, 0.040235043, 0.009558912, 0.026029583
-0.0048604677, 0.033125997, -0.03395338, 0.03850123, -0.04358679, 0.0289973, 0.05187762, 0.011826718, 0.032649204
-0.004920124, 0.031413164, -0.032174338, 0.037760284, -0.04057458, 0.027065162, 0.05084723, 0.011290707, 0.029813927
-0.004964323, 0.030246407, -0.031882744, 0.03834152, -0.040832218, 0.027050234, 0.050538063, 0.011326592, 0.030559313
-0.005468387, 0.0372622, -0.036616538, 0.045503795, -0.047271404, 0.031949613, 0.058511123, 0.013235238, 0.036334276
-0.0036558283, 0.02998728, -0.03067705, 0.035468273, -0.037490595, 0.026032541, 0.04765983, 0.010700289, 0.02896284
-0.0046684025, 0.031063778, -0.031127743, 0.036810674, -0.035440855, 0.026011217, 0.048260745, 0.010809662, 0.02948238
-0.0043930095, 0.029605484, -0.028524928, 0.033600897, -0.03604881, 0.024674982, 0.044543643, 0.010131965, 0.027441375
-0.003466757, 0.024271907, -0.025468787, 0.028663293, -0.030715443, 0.025796533, 0.033096865, 0.008667598, 0.023762237
-0.004773136, 0.031392567, -0.031433143, 0.03795814, -0.038026083, 0.027060483, 0.04635533, 0.011027087, 0.031040914
-0.0042051338, 0.029585622, -0.032318257, 0.03791101, -0.0392848, 0.027560046, 0.049466487, 0.011192465, 0.030959047
-0.00366344, 0.025543364, -0.02543229, 0.030255973, -0.029717553, 0.020746315, 0.03962059, 0.009102435, 0.025336938
-0.0049612815, 0.032783933, -0.03407762, 0.041690715, -0.04300266, 0.028301952, 0.050420456, 0.011893132, 0.032577973
-0.003981563, 0.026061255, -0.026490636, 0.032271788, -0.03292587, 0.022099873, 0.039528824, 0.009316147, 0.025037987
-0.0045552505, 0.031235104, -0.032095134, 0.038401634, -0.03991739, 0.02693646, 0.047252994, 0.011190229, 0.0307238
-0.005142062, 0.03420577, -0.03389618, 0.040689304, -0.041840065, 0.026394814, 0.051637992, 0.01184613, 0.03307827
-0.004435654, 0.029571377, -0.029345514, 0.03510972, -0.03666443, 0.024281137, 0.043611273, 0.010515169, 0.029010495
-0.005130036, 0.033673316, -0.03457154, 0.040134408, -0.043855757, 0.028014129, 0.049976423, 0.012086896, 0.03307148
-0.0038537555, 0.025993323, -0.026723007, 0.03177405, -0.032045398, 0.022407053, 0.041119676, 0.009313812, 0.025687143
-0.0041571157, 0.028808087, -0.030309217, 0.036286667, -0.034575965, 0.02685899, 0.045314085, 0.0096045425, 0.026990745
-0.004537369, 0.03034105, -0.03167569, 0.03746252, -0.03821584, 0.026523605, 0.048094194, 0.010983061, 0.030346358
-0.0045167753, 0.03049563, -0.030579573, 0.036958326, -0.038124945, 0.025337726, 0.04729164, 0.010925131, 0.028429655
-0.002623545, 0.020558655, -0.02218277, 0.027372347, -0.028218223, 0.01939096, 0.04040439, 0.008086343, 0.021495841
-0.0058428715, 0.03676572, -0.03693777, 0.043731984, -0.04542219, 0.03163515, 0.053357136, 0.01379894, 0.03563952
-0.0033112327, 0.02433249, -0.02485995, 0.029477907, -0.030417254, 0.019974397, 0.038086325, 0.008685062, 0.024020957
-0.004650738, 0.03178289, -0.03339592, 0.039116032, -0.040612843, 0.027469909, 0.0523419, 0.0116990935, 0.03126046
-0.005301239, 0.03410891, -0.036013935, 0.04329034, -0.046717476, 0.029527156, 0.051528525, 0.014644626, 0.03153192
-0.0038520938, 0.023931395, -0.025890956, 0.030859968, -0.032255925, 0.021514885, 0.041012313, 0.009228671, 0.023201806
-0.0039030176, 0.026382703, -0.02588347, 0.031946182, -0.03180695, 0.020956697, 0.041303113, 0.009585709, 0.025474869
-0.005281355, 0.03522274, -0.034924913, 0.042245906, -0.04300119, 0.029042456, 0.051610254, 0.012324891, 0.034458812
-0.0027217306, 0.024519376, -0.027925914, 0.031751245, -0.033428878, 0.023734927, 0.0380719, 0.009268, 0.02555351
-0.0049817897, 0.033149917, -0.034483217, 0.04281368, -0.04372726, 0.02937191, 0.046979886, 0.011925983, 0.032653958
-0.0045016725, 0.027496653, -0.03062684, 0.036642026, -0.038359467, 0.025825651, 0.046810206, 0.01072193, 0.029921481
-0.004348158, 0.03219966, -0.031447597, 0.038833927, -0.040305953, 0.026580123, 0.04962957, 0.011554013, 0.031729475
-0.0041165026, 0.02833522, -0.026920643, 0.03132906, -0.03427539, 0.02067667, 0.040667724, 0.009392914, 0.025588341
-0.004534848, 0.029945359, -0.0302458, 0.035210945, -0.037327163, 0.024549741, 0.046225898, 0.010651413, 0.030370466
-0.004616038, 0.030548021, -0.030931322, 0.03515094, -0.03864452, 0.026324062, 0.04724748, 0.010843388, 0.029762099
-0.005372363, 0.033750698, -0.035175428, 0.044451848, -0.043996423, 0.03145767, 0.04840101, 0.012282123, 0.034858875
-0.004948262, 0.024044491, -0.027595496, 0.031228874, -0.033205327, 0.02309357, 0.038076755, 0.009327109, 0.02662739
-0.0044010957, 0.02691248, -0.029020999, 0.03404342, -0.037314296, 0.024658056, 0.047291405, 0.009896981, 0.028844003
-0.0039337557, 0.026005013, -0.02640709, 0.031819258, -0.032839388, 0.02161072, 0.040377215, 0.009170583, 0.02463286
-0.005220438, 0.035449088, -0.037504192, 0.044107642, -0.047408063, 0.031401906, 0.04758205, 0.012752372, 0.035118513
-0.0053155352, 0.0356875, -0.035613034, 0.042445652, -0.043513317, 0.027546253, 0.053007245, 0.013902741, 0.035440866
-0.004797052, 0.031924456, -0.03176705, 0.038083915, -0.039473813, 0.026329136, 0.04682078, 0.011287098, 0.032133184
-0.0038007144, 0.025331227, -0.025308585, 0.030322999, -0.031430233, 0.020237876, 0.038710862, 0.008957262, 0.024483345
-0.0040822686, 0.028659828, -0.028971534, 0.034119822, -0.034819752, 0.024666388, 0.045484096, 0.010149424, 0.02775721
-0.004659527, 0.03279982, -0.03333086, 0.03849043, -0.040365882, 0.027113875, 0.052637015, 0.011547317, 0.031747054
-0.0043010153, 0.028482983, -0.028597627, 0.03431758, -0.035446223, 0.023622587, 0.04382759, 0.010178235, 0.02664643
-0.0031140249, 0.021227375, -0.020925919, 0.025123857, -0.023544062, 0.017214125, 0.031838067, 0.007414532, 0.0205073
-0.004716475, 0.027867284, -0.03078998, 0.037272997, -0.03499278, 0.026377883, 0.050296634, 0.010807614, 0.029264648
-0.004452584, 0.02962188, -0.029857764, 0.035395533, -0.03335954, 0.024672078, 0.045455083, 0.008958454, 0.028758077
-0.004904138, 0.032514326, -0.031698003, 0.038300075, -0.0399117, 0.024743427, 0.049620554, 0.010938242, 0.030821728
-0.0030462262, 0.02076825, -0.02178994, 0.026650857, -0.026812682, 0.018477358, 0.030268867, 0.0074564954, 0.019517899
-0.003937912, 0.025436258, -0.02478852, 0.03073911, -0.03208583, 0.021966815, 0.039761387, 0.008788361, 0.024752848
-0.005234255, 0.034664027, -0.034719646, 0.03987219, -0.043236494, 0.02886682, 0.05330115, 0.012254506, 0.03354714
-0.0045851744, 0.030744793, -0.030465417, 0.036787532, -0.038043294, 0.025376005, 0.045118824, 0.010750537, 0.029123949
-0.004040407, 0.027347343, -0.026825272, 0.032294262, -0.03346622, 0.02230475, 0.03989706, 0.009437954, 0.025897246
-0.0031645217, 0.019629443, -0.020670714, 0.025727855, -0.027303306, 0.017634582, 0.028024234, 0.0072146873, 0.020297443
-0.004192645, 0.026074845, -0.030265637, 0.036694832, -0.036821388, 0.02678454, 0.04871867, 0.010729781, 0.029619081
-0.0043122936, 0.026711648, -0.026662901, 0.02936536, -0.030961888, 0.019808458, 0.04150435, 0.007555281, 0.025389325
-0.0033370797, 0.025152557, -0.025318405, 0.02815651, -0.030598873, 0.022099357, 0.03803165, 0.008585953, 0.024068488
-0.006479077, 0.032028902, -0.031807598, 0.039662957, -0.040670592, 0.0256058, 0.04965171, 0.011365694, 0.028415963
-0.004797201, 0.029379139, -0.030010132, 0.033762857, -0.038479656, 0.025298499, 0.04266857, 0.010337886, 0.02798142
