0.0026281888, -0.009412782, -0.025260177, -0.024595005, -0.025281098, -0.05444783, 0.006233645, -0.013484972, -0.04289046
-0.004092582, 0.026413174, -0.025804976, 0.03138244, -0.031963594, 0.021309959, 0.03983442, 0.009365902, 0.025397763
-0.0030026736, 0.019532993, -0.019792954, 0.023592627, -0.024691558, 0.01664102, 0.030420695, 0.006927167, 0.018919524
-0.005025402, 0.027257802, -0.027804557, 0.03339489, -0.034474928, 0.022214852, 0.042197917, 0.009947541, 0.026901785
-0.0050140712, 0.032325324, -0.0314923, 0.037618387, -0.040210053, 0.026608, 0.050793998, 0.011305962, 0.030073544
-0.00445507, 0.031614237, -0.031854816, 0.03747469, -0.039289292, 0.026064876, 0.04807073, 0.011099833, 0.030713342
-0.009482292, 0.04179855, -0.03905085, 0.041740216, -0.04791506, 0.030594781, 0.053632624, 0.015166555, 0.038715683
-0.0049838596, 0.033784073, -0.034705665, 0.041070353, -0.04294093, 0.029052181, 0.052635208, 0.012090325, 0.033236075
-0.0058140913, 0.037978426, -0.03824574, 0.045535803, -0.047367033, 0.031332932, 0.058061425, 0.013576415, 0.03703825
-0.0044323, 0.029916951, -0.02954963, 0.03564706, -0.036680616, 0.024463207, 0.044981796, 0.010628751, 0.029028919
-0.0035645384, 0.027060527, -0.027577275, 0.032365408, -0.03328312, 0.02480819, 0.04311962, 0.008984273, 0.026382148
-0.004534733, 0.029492436, -0.029823964, 0.035614867, -0.03716175, 0.025012856, 0.0456912, 0.010454291, 0.02874993
