0.00082946144, 0.0009539318, 0.06564485, 0.012777799
0.034102414, 0.035480764, -0.026918964, 0.034099743
0.036442935, 0.030618256, -0.018999137, 0.04296139
0.054145154, 0.05791664, -0.022497205, 0.020198127
0.041006435, 0.008921882, -0.0547411, 0.0500766
0.047076844, 0.046505924, -0.05067593, 0.022284716
0.03643148, 0.011363819, -0.050327726, 0.041104905
0.04335369, 0.005808707, -0.056823578, 0.04032454
0.0245152, 0.014459045, -0.06367483, 0.051847924
0.056335036, -0.00084556977, -0.066231586, 0.045932982
0.010031284, 0.024113191, -0.036829196, 0.044328045
0.012281207, 0.025751073, -0.044983353, 0.026793998
0.0459647, 0.009594949, -0.059678946, 0.0412908
0.034836993, 0.0146568455, -0.049345046, 0.038293514
0.031253956, 0.048799478, -0.05807497, 0.014466626
0.025778083, 0.034286357, -0.01659918, 0.023916684
0.07489149, 0.0093559055, -0.032319263, 0.03244513
0.02719707, 0.0310043, -0.017728979, 0.023340661
0.033183996, 0.011446246, -0.037753195, 0.037868824
0.05568512, 0.051790938, -0.009441691, 0.051499214
0.054036897, 0.00637324, -0.06069494, 0.02251364
0.048891958, 0.0010999653, -0.049127243, 0.05912908
0.022259478, 0.042908028, -0.026964402, 0.04225822
0.022413503, 0.051202446, -0.037663452, 0.016991915
0.03760112, 0.035454664, -0.02549662, 0.01571604
0.022332385, 0.04959142, -0.031552035, 0.028115373
