0.025970161, 0.022960668, -0.020571755, -0.033755157, 0.016363116, 0.06114711, -0.03580689, -0.033179834, 0.007891738
0.010460726, -0.010567037, -0.042386465, -0.022354735, -0.036359575, 0.034275208, -0.02203771, 0.034603365, -0.046084475
0.00897895, -0.00845943, -0.033449728, -0.017518071, -0.031478465, 0.030735273, -0.018629719, 0.031638116, -0.036337912
0.010694568, -0.010494239, -0.04216071, -0.023298344, -0.037052575, 0.03551368, -0.023111222, 0.035568368, -0.047902796
0.0091894, -0.008983786, -0.036295634, -0.01928649, -0.031566687, 0.030522883, -0.018640978, 0.030333515, -0.0410674
0.010766248, -0.010652368, -0.043702144, -0.022509493, -0.037176076, 0.03528284, -0.022531511, 0.035763133, -0.047985893
0.013239882, -0.013051454, -0.05339653, -0.02732986, -0.045276675, 0.04349184, -0.02784948, 0.04421225, -0.06134649
0.011709219, -0.011516581, -0.04585126, -0.024224184, -0.040378164, 0.03941132, -0.024552466, 0.03911134, -0.053865056
0.010877734, -0.01070859, -0.043801945, -0.02245112, -0.03747426, 0.036336888, -0.022743499, 0.03631917, -0.049356975
0.010921424, -0.010725107, -0.04362217, -0.022532176, -0.03706193, 0.03648479, -0.02282617, 0.03643613, -0.050122634
0.01025017, -0.010089578, -0.040983386, -0.021354599, -0.035216022, 0.034119245, -0.021416351, 0.034197718, -0.046936102
0.012884137, -0.013009031, -0.051630344, -0.029906098, -0.044213407, 0.043295734, -0.02703715, 0.0433016, -0.05917852
0.013569043, -0.013380834, -0.052979905, -0.02856274, -0.04666625, 0.044701084, -0.028310077, 0.045172207, -0.06282198
0.008248363, -0.0074270004, -0.033314034, -0.016359815, -0.02760042, 0.025440434, -0.017019011, 0.027165813, -0.038930025
0.009632979, -0.00961742, -0.03833696, -0.022158844, -0.032966718, 0.03204519, -0.019732367, 0.032059718, -0.043795336
0.010597811, -0.010659406, -0.042475305, -0.024591912, -0.03645526, 0.035398036, -0.021826211, 0.035394836, -0.04824074
0.011836975, -0.011641327, -0.046573102, -0.024874715, -0.040624022, 0.03853669, -0.02456442, 0.03936045, -0.054531407
0.010360465, -0.0102408165, -0.041515294, -0.02162277, -0.035630018, 0.03449009, -0.021494705, 0.034406804, -0.047497515
0.011332412, -0.011315245, -0.04536134, -0.025898028, -0.038813625, 0.037739027, -0.023314288, 0.037724283, -0.0515835
0.012890281, -0.013044068, -0.051891528, -0.029682875, -0.044505157, 0.043117896, -0.026751863, 0.04287797, -0.059284005
0.011102807, -0.011331128, -0.038817607, -0.025354287, -0.037528273, 0.037754875, -0.023052655, 0.03739344, -0.053439863
0.010958839, -0.011197526, -0.04406809, -0.024781266, -0.037391543, 0.036446545, -0.022369629, 0.03644864, -0.050035078
0.009508277, -0.009511192, -0.03810461, -0.021730257, -0.032628845, 0.031671498, -0.019653788, 0.031658664, -0.04309437
0.011292602, -0.011360286, -0.044520427, -0.025880761, -0.038742244, 0.037604958, -0.023392564, 0.037565205, -0.05162672
0.009838868, -0.009457561, -0.03998496, -0.01953946, -0.035061963, 0.033475313, -0.02086806, 0.03340459, -0.03994127
0.011675086, -0.011683393, -0.04622189, -0.026662564, -0.039932646, 0.038841307, -0.024102243, 0.038852554, -0.053335343
0.010760416, -0.010786647, -0.04360132, -0.024731623, -0.03693157, 0.035198387, -0.022024618, 0.035793725, -0.049155783
0.013663284, -0.013757619, -0.053758226, -0.03232121, -0.046870917, 0.045288786, -0.028287182, 0.04522839, -0.062806465
0.013666425, -0.013771812, -0.055519436, -0.03224204, -0.04599253, 0.045269754, -0.02826968, 0.04552613, -0.061952397
0.009216252, -0.009209872, -0.03669776, -0.020987822, -0.031577945, 0.03059092, -0.018991461, 0.030313214, -0.041888263
0.010244736, -0.010031071, -0.040023692, -0.023434421, -0.03415087, 0.033586327, -0.020966036, 0.033456225, -0.045703158
0.011110551, -0.011929942, -0.045751408, -0.025728898, -0.03851055, 0.037163205, -0.023134356, 0.037585676, -0.051610284
0.011689977, -0.011768866, -0.04721476, -0.027349507, -0.040435087, 0.039375868, -0.024508854, 0.039025046, -0.053760726
0.011786455, -0.011907745, -0.047119867, -0.02729899, -0.0401308, 0.039353523, -0.024572836, 0.039234303, -0.053843252
0.008873149, -0.008542677, -0.034294434, -0.020055508, -0.030216787, 0.02806959, -0.017916247, 0.028120166, -0.03811854
0.012318409, -0.0123830745, -0.050472505, -0.026428355, -0.044851217, 0.040486187, -0.025785951, 0.041459017, -0.057335194
0.011319986, -0.011336415, -0.044721685, -0.026370069, -0.038902752, 0.03760686, -0.023111926, 0.03741314, -0.05009242
0.00932253, -0.009286755, -0.037808027, -0.01898413, -0.032227673, 0.030841647, -0.019596295, 0.03127475, -0.043216143
0.008931828, -0.008388412, -0.035590574, -0.015950356, -0.031340264, 0.029613862, -0.01904961, 0.029924419, -0.041104957
0.009383338, -0.009037793, -0.03784051, -0.016440827, -0.032867532, 0.031573996, -0.019963635, 0.03161578, -0.042286117
0.011615258, -0.010617882, -0.04677693, -0.020938188, -0.040768106, 0.038834378, -0.02482169, 0.039657623, -0.051325157
0.011145661, -0.010288692, -0.042442612, -0.019789709, -0.03762988, 0.036085445, -0.022929093, 0.037993263, -0.04633554
0.010428413, -0.010167399, -0.041667517, -0.01939042, -0.034257296, 0.03525903, -0.022012144, 0.035185393, -0.048796386
0.0070994925, -0.007006909, -0.027747313, -0.0132181365, -0.024743943, 0.024049735, -0.015020068, 0.024075085, -0.033328064
0.0085813, -0.007397935, -0.034689654, -0.016681004, -0.030127255, 0.029092377, -0.018341977, 0.02887209, -0.03994311
0.008981552, -0.008829028, -0.03511498, -0.018812919, -0.031159291, 0.029361054, -0.018900102, 0.029976152, -0.04126932
0.008762157, -0.008350235, -0.03399781, -0.01868867, -0.029769635, 0.028291391, -0.017962765, 0.028259449, -0.037675023
0.008491259, -0.008166153, -0.03378065, -0.017147763, -0.03039534, 0.028408678, -0.018333277, 0.027790854, -0.036736563
0.009456465, -0.008712258, -0.03653894, -0.01827993, -0.03127816, 0.02874438, -0.018654991, 0.029549878, -0.040514104
0.011130513, -0.011191251, -0.045119368, -0.026428834, -0.03907718, 0.03798608, -0.02398011, 0.03796574, -0.050815836
0.011021077, -0.010942424, -0.043181684, -0.023035146, -0.037946448, 0.039191972, -0.022856684, 0.03606898, -0.04811874
0.010098724, -0.009856518, -0.040086728, -0.020984592, -0.03528221, 0.03248923, -0.021239663, 0.032856133, -0.046325766
0.0100542335, -0.009539377, -0.040977873, -0.02089142, -0.034664128, 0.031840816, -0.020849485, 0.032903515, -0.045783803
0.010723098, -0.01045888, -0.043628737, -0.022103129, -0.03714901, 0.034608204, -0.022814743, 0.035624444, -0.04715103
0.0091839405, -0.008980371, -0.036633506, -0.018974872, -0.031626105, 0.030605976, -0.019206684, 0.030653216, -0.040673427
0.011388261, -0.0110625755, -0.045228712, -0.022736844, -0.039601687, 0.03781381, -0.024036871, 0.037877493, -0.04965645
0.010440247, -0.010047908, -0.037621558, -0.020556623, -0.036620945, 0.035651438, -0.022248486, 0.034398664, -0.04818478
0.011627965, -0.01162799, -0.04762284, -0.026440056, -0.039598443, 0.038677137, -0.024087314, 0.03879461, -0.05258652
0.012255665, -0.0114786895, -0.04279216, -0.024057064, -0.039837904, 0.04452134, -0.024032887, 0.038391806, -0.05292665
0.007035627, -0.0069219563, -0.029142639, -0.014752588, -0.024658302, 0.021929413, -0.014986519, 0.02370316, -0.03137594
0.01140653, -0.011171862, -0.045543898, -0.024717297, -0.03663783, 0.03420759, -0.023313224, 0.03557721, -0.054107588
0.009692901, -0.010162016, -0.041187648, -0.022035833, -0.035403267, 0.033924844, -0.02170832, 0.029993292, -0.046307143
0.012209083, -0.011945694, -0.04765802, -0.024912514, -0.04217192, 0.04084369, -0.02576537, 0.04069864, -0.0561848
0.011115525, -0.011005427, -0.043994315, -0.02499128, -0.038043484, 0.037118837, -0.023234582, 0.03722111, -0.051281065
0.010454983, -0.00914153, -0.040866163, -0.019746779, -0.036106233, 0.034279026, -0.022155197, 0.034951422, -0.04901695
0.009791403, -0.009602975, -0.039021924, -0.02004945, -0.034345135, 0.0326146, -0.020870257, 0.03267499, -0.044241518
0.009728022, -0.009406759, -0.038412686, -0.01899381, -0.035123512, 0.032364834, -0.021121062, 0.03162781, -0.04380696
0.011940092, -0.011489767, -0.046624977, -0.023879366, -0.04087664, 0.038412638, -0.025267167, 0.03889524, -0.054698065
0.011759655, -0.011814403, -0.04748567, -0.027096411, -0.040736657, 0.039479576, -0.023837829, 0.039345074, -0.054310363
0.012640685, -0.012293561, -0.050009497, -0.025532579, -0.044283465, 0.04079137, -0.026989346, 0.041792657, -0.057704408
0.010610033, -0.009975838, -0.04157994, -0.020435767, -0.03673527, 0.035026632, -0.02226138, 0.034822807, -0.047703568
0.010757053, -0.010377485, -0.04214893, -0.021341328, -0.038735453, 0.035393115, -0.022893777, 0.035504043, -0.04837829
0.01034249, -0.010073648, -0.04117612, -0.020719511, -0.03647835, 0.03436676, -0.021773782, 0.0339102, -0.046992045
0.007999087, -0.0077693094, -0.031710237, -0.015772082, -0.028235525, 0.026622167, -0.017607603, 0.026001051, -0.03568885
0.009452812, -0.009083046, -0.036291786, -0.019596804, -0.033358924, 0.03062456, -0.019518385, 0.03128696, -0.045145553
0.009304073, -0.009074337, -0.037047807, -0.016207013, -0.032215547, 0.031000864, -0.019609766, 0.030663189, -0.042711984
0.008949847, -0.008500362, -0.036577374, -0.01768866, -0.03178306, 0.029176602, -0.019139942, 0.029325867, -0.03930098
0.011335142, -0.011186941, -0.044445705, -0.023621835, -0.039185494, 0.03828752, -0.023730246, 0.037931558, -0.052190095
0.00815292, -0.008283205, -0.033529732, -0.017545491, -0.028859736, 0.028235108, -0.01751564, 0.027738826, -0.03817268
0.009943488, -0.010719949, -0.03846956, -0.024904441, -0.035302084, 0.03325662, -0.021159817, 0.033771876, -0.044370595
0.010802176, -0.010620146, -0.04142671, -0.022540363, -0.037233133, 0.0365953, -0.022700427, 0.03616539, -0.049606156
0.008730916, -0.008376398, -0.035571933, -0.017393474, -0.029020606, 0.028532185, -0.01934356, 0.030684482, -0.036756128
0.01144306, -0.011215049, -0.04638917, -0.023712307, -0.03893435, 0.039066646, -0.023909792, 0.037977, -0.05089063
0.01012768, -0.0095328735, -0.04051118, -0.019702537, -0.03498153, 0.032580458, -0.021679714, 0.033487633, -0.047653913
0.012588906, -0.0122790355, -0.04935389, -0.023476934, -0.04357715, 0.040512513, -0.026488572, 0.04199613, -0.05777286
0.0070584975, -0.006859027, -0.028651861, -0.014074663, -0.023806436, 0.022894751, -0.015433645, 0.023574432, -0.032074526
0.009901768, -0.009577536, -0.03928583, -0.019560462, -0.032527335, 0.033344816, -0.0208235, 0.033557605, -0.04525962
0.0073748445, -0.007090658, -0.028841404, -0.014476393, -0.023953326, 0.0251476, -0.015571012, 0.02459774, -0.034318417
0.007844678, -0.0069549023, -0.027813528, -0.013692657, -0.024519634, 0.023269266, -0.014554381, 0.025040293, -0.03496116
0.0101572685, -0.0101285, -0.0422509, -0.020162331, -0.034745067, 0.033259492, -0.020946871, 0.033866577, -0.046447463
0.011714978, -0.011757695, -0.047180228, -0.0268053, -0.04048518, 0.039274633, -0.024031356, 0.03903679, -0.053948667
0.008350162, -0.007949791, -0.03208748, -0.016086202, -0.029247088, 0.026191944, -0.017678568, 0.027960666, -0.038682815
0.010742018, -0.010549223, -0.043464597, -0.022135165, -0.03727971, 0.036092956, -0.022610374, 0.03607851, -0.048514243
0.0084354095, -0.008596632, -0.033588648, -0.01666739, -0.03012231, 0.025065485, -0.01768087, 0.02839775, -0.03831355
0.008341022, -0.008028871, -0.03173944, -0.016457988, -0.029195538, 0.026997363, -0.021869715, 0.027284564, -0.037144944
0.010532241, -0.010061014, -0.041904014, -0.019384293, -0.036620848, 0.035167605, -0.022254156, 0.035349384, -0.048012987
0.009689724, -0.009151376, -0.038568005, -0.01789204, -0.033602152, 0.03259926, -0.019629408, 0.03221467, -0.04465556
0.010830122, -0.010327204, -0.0421682, -0.020700708, -0.036556333, 0.034379635, -0.022896044, 0.03759502, -0.050941627
0.0121880965, -0.011651108, -0.046294324, -0.022165457, -0.042437382, 0.040821142, -0.025789538, 0.040035248, -0.058149982
0.0077661965, -0.0074510104, -0.03096874, -0.014364809, -0.026802566, 0.026002802, -0.016362336, 0.025941148, -0.03569356
0.010941497, -0.010409687, -0.044178344, -0.019885875, -0.038081527, 0.0369772, -0.023196496, 0.0363867, -0.048959002
0.012429655, -0.012381584, -0.048966955, -0.028561695, -0.042718653, 0.04141302, -0.025817275, 0.041421816, -0.056824848
0.008920132, -0.008574758, -0.0355464, -0.016597183, -0.031059356, 0.029853445, -0.018906489, 0.029955076, -0.04054935
0.009567702, -0.009012707, -0.038112585, -0.017440554, -0.033189856, 0.032027904, -0.020165892, 0.032003637, -0.044150073
0.012193656, -0.011648879, -0.04711357, -0.021284195, -0.042507485, 0.04082515, -0.025924142, 0.040732287, -0.05754631
0.011597476, -0.011905795, -0.05245295, -0.025308052, -0.047559984, 0.044785414, -0.02705027, 0.04388311, -0.05958883
0.0097737005, -0.009322536, -0.039150074, -0.018460145, -0.0338653, 0.033028744, -0.02000321, 0.03252879, -0.04375708
0.00946429, -0.00897701, -0.03768693, -0.018242689, -0.03281894, 0.030175151, -0.019861631, 0.031596873, -0.04309257
0.0074540977, -0.007173485, -0.02983016, -0.013322233, -0.025801828, 0.024761248, -0.01571311, 0.024864664, -0.03418973
0.009253858, -0.008898476, -0.035651296, -0.017503463, -0.03233435, 0.030521026, -0.019640094, 0.030985076, -0.043229718
0.009407848, -0.008980136, -0.036714766, -0.018070169, -0.032174714, 0.030720355, -0.018089976, 0.029737031, -0.04264174
0.011456992, -0.010970549, -0.04596778, -0.020781284, -0.03963892, 0.038068555, -0.024073554, 0.038232766, -0.05261576
0.008585646, -0.008250498, -0.03496779, -0.016901415, -0.03088298, 0.029184112, -0.017518224, 0.027818596, -0.03643665
0.010044547, -0.009627733, -0.040215913, -0.021932974, -0.034551848, 0.033411223, -0.020898897, 0.033462197, -0.045907535
0.009628423, -0.008481151, -0.037149463, -0.019010883, -0.03376504, 0.03261314, -0.020552013, 0.03274696, -0.043571886
0.010127398, -0.009669937, -0.040299054, -0.018573038, -0.035110116, 0.0339135, -0.021495786, 0.03382109, -0.04634047
0.0109859435, -0.010486075, -0.04248222, -0.02044303, -0.038101666, 0.037702613, -0.02323503, 0.036645304, -0.05030182
0.0074699707, -0.0070123193, -0.029365977, -0.0141044445, -0.02594056, 0.024534423, -0.01577632, 0.024863657, -0.03440738
0.0067245173, -0.006578541, -0.025869755, -0.013650358, -0.023120755, 0.023023508, -0.014065194, 0.02236395, -0.03059309
0.008527175, -0.008114845, -0.034323208, -0.01569038, -0.029604197, 0.027954489, -0.017959762, 0.028637858, -0.039335176
0.009740916, -0.009435998, -0.03802809, -0.018252745, -0.03361129, 0.032505743, -0.02047051, 0.031716444, -0.046451706
0.011123742, -0.009179332, -0.03731503, -0.017528208, -0.032757472, 0.032001436, -0.020424392, 0.032277685, -0.044846635
0.010570831, -0.010418209, -0.042931434, -0.021542452, -0.0359332, 0.035338204, -0.022245996, 0.035319544, -0.04822935
0.008619778, -0.008049273, -0.03391413, -0.016597122, -0.030135285, 0.0270731, -0.01821915, 0.028460534, -0.03922043
0.012522977, -0.012442956, -0.050267052, -0.026897276, -0.04223643, 0.041799173, -0.026043294, 0.04184722, -0.05747859
0.0131281195, -0.012579149, -0.053804547, -0.026499746, -0.04345497, 0.042815585, -0.033081736, 0.04292253, -0.055551898
0.009075903, -0.008941836, -0.03740139, -0.017040845, -0.030701239, 0.031869944, -0.01943563, 0.028603498, -0.03990204
0.008378891, -0.008073233, -0.033533525, -0.016842626, -0.03014555, 0.02831272, -0.018191693, 0.027528984, -0.03516735
0.010980793, -0.010357439, -0.043315794, -0.020799596, -0.03814202, 0.03669353, -0.022267848, 0.03640079, -0.049886316
0.0053187497, -0.0051163128, -0.020768508, -0.010445562, -0.018308045, 0.01800821, -0.011226121, 0.017648464, -0.024133543
0.009450871, -0.009010922, -0.03598926, -0.017850919, -0.032958202, 0.031956058, -0.019865438, 0.031475622, -0.043434795
0.00755551, -0.0072778645, -0.029727714, -0.014851482, -0.02660211, 0.023992594, -0.016029855, 0.02510117, -0.03452474
0.0083454745, -0.008019059, -0.032832216, -0.015569687, -0.028715357, 0.02777337, -0.017614514, 0.027700515, -0.03800923
0.009481448, -0.008762242, -0.036624156, -0.017976845, -0.03292703, 0.03190153, -0.020128347, 0.03161524, -0.04332464
0.010618089, -0.010203729, -0.042045992, -0.021259144, -0.037474252, 0.03019837, -0.022729088, 0.03501771, -0.048670597
0.011654533, -0.011498113, -0.045969117, -0.024094101, -0.04047921, 0.03989217, -0.024645945, 0.039042175, -0.053587757
0.010063516, -0.009735807, -0.04080196, -0.019961556, -0.029403303, 0.03424335, -0.021236947, 0.03418382, -0.046850704
0.00885664, -0.00655696, -0.033857036, -0.01752507, -0.03071684, 0.029688623, -0.018842975, 0.0291221, -0.04111466
0.008594942, -0.008297416, -0.033832636, -0.016210498, -0.029423086, 0.029450065, -0.018287612, 0.029043064, -0.03831804
0.008479127, -0.008113564, -0.03325272, -0.016862288, -0.028163252, 0.028735876, -0.018256875, 0.026690729, -0.039955925
0.011477803, -0.01096744, -0.044177767, -0.022334334, -0.040704746, 0.035399493, -0.024179345, 0.03849132, -0.05325479
0.014077594, -0.013705992, -0.05722493, -0.027048672, -0.05017538, 0.04920869, -0.027618267, 0.047732394, -0.06588153
0.010334131, -0.009767921, -0.0408809, -0.020578053, -0.035864454, 0.034205332, -0.02000883, 0.034467913, -0.04728625
0.008406679, -0.008005881, -0.03364513, -0.016358783, -0.029147508, 0.028628763, -0.01769367, 0.028046137, -0.036576465
0.0121396985, -0.011818462, -0.047887605, -0.024708867, -0.041936435, 0.039482977, -0.02577791, 0.040458325, -0.056141306
0.009845833, -0.009479808, -0.03901967, -0.019057889, -0.034262516, 0.032767504, -0.020979183, 0.032709643, -0.044214547
0.0085932715, -0.008503134, -0.03431152, -0.017855199, -0.029768514, 0.028733037, -0.01804215, 0.028788788, -0.03968698
0.010042036, -0.009677546, -0.038948696, -0.019641053, -0.035206575, 0.03348784, -0.021289127, 0.03333242, -0.045418113
0.010823036, -0.010315121, -0.042834014, -0.021414595, -0.03762174, 0.03593025, -0.022780247, 0.035778675, -0.048987273
0.010530478, -0.010309717, -0.04209023, -0.021030502, -0.036994234, 0.035340067, -0.022353869, 0.034904607, -0.048205666
0.010029569, -0.009751799, -0.03969983, -0.0197901, -0.035131074, 0.03326942, -0.021070627, 0.033053596, -0.04537261
0.010267939, -0.009948747, -0.040247127, -0.020275667, -0.035566438, 0.034285296, -0.021647163, 0.033645906, -0.047302034
0.0076786354, -0.0074998615, -0.030126605, -0.015236178, -0.026614675, 0.025671208, -0.016295226, 0.025468031, -0.034971267
0.010008632, -0.009716607, -0.03969683, -0.019749112, -0.034717936, 0.03345877, -0.021002106, 0.032603204, -0.045630552
0.009332065, -0.008945057, -0.03716412, -0.01872512, -0.03123834, 0.031088471, -0.019733597, 0.031125968, -0.043110456
0.01193855, -0.010279535, -0.047101963, -0.023961084, -0.040952746, 0.040785834, -0.025104783, 0.040154375, -0.05379059
0.009012805, -0.008681268, -0.033997733, -0.01789454, -0.03206864, 0.027521254, -0.019071314, 0.029911479, -0.04156735
0.009192249, -0.009231725, -0.036000136, -0.018333258, -0.032594994, 0.031988956, -0.019507749, 0.032000117, -0.043705873
0.01076802, -0.010385597, -0.04347359, -0.021617047, -0.034114435, 0.036334034, -0.023302581, 0.034266237, -0.049761694
0.009977093, -0.009520111, -0.03855646, -0.019260814, -0.03294972, 0.033123635, -0.020649401, 0.035886906, -0.043883275
0.009684003, -0.009342091, -0.038411733, -0.018700257, -0.034009565, 0.032605886, -0.020521527, 0.032220386, -0.04330279
0.009170653, -0.0088363625, -0.036261965, -0.017445039, -0.031829722, 0.030533323, -0.019397313, 0.030553233, -0.04165803
0.00898919, -0.008689184, -0.035891287, -0.016898243, -0.031331185, 0.03010048, -0.019211056, 0.030173093, -0.040640645
0.009938072, -0.009522267, -0.039365094, -0.019532941, -0.03561919, 0.0330648, -0.020438204, 0.033150624, -0.04485677
0.0114377495, -0.010952443, -0.045227785, -0.02172231, -0.039718147, 0.038022652, -0.024737017, 0.03851855, -0.05039898
0.00899066, -0.008706025, -0.03483424, -0.017901316, -0.030451292, 0.03010114, -0.020000076, 0.02989421, -0.04205255
0.009587592, -0.009207087, -0.038119365, -0.017848052, -0.033250444, 0.031999633, -0.02023933, 0.031959023, -0.043906394
0.009475236, -0.009094487, -0.037758112, -0.01776566, -0.03315649, 0.031600762, -0.019959554, 0.031729884, -0.043044515
0.011071184, -0.010998748, -0.04477441, -0.022889039, -0.038700525, 0.037287638, -0.023328204, 0.036967874, -0.05175395
0.010873221, -0.010320806, -0.042109974, -0.019942433, -0.037807174, 0.035973284, -0.023000335, 0.03648838, -0.051063105
0.0066391174, -0.00632747, -0.026380582, -0.012434171, -0.023084668, 0.022110784, -0.014040214, 0.022265969, -0.03041597
0.010078554, -0.009700305, -0.041403763, -0.019644031, -0.035170004, 0.03405591, -0.021743538, 0.03383029, -0.04313557
0.010557551, -0.01018095, -0.04244356, -0.020114852, -0.03480546, 0.035135984, -0.02236057, 0.03638524, -0.04946378
0.010093912, -0.009652289, -0.040402927, -0.019284084, -0.034018498, 0.032711696, -0.021724913, 0.0335742, -0.046803795
0.010369237, -0.009948289, -0.041174494, -0.019332368, -0.03593779, 0.03420169, -0.021864034, 0.03445638, -0.047376364
0.009444571, -0.008887955, -0.036688298, -0.0179628, -0.03315906, 0.030156069, -0.020031208, 0.031882443, -0.043939933
0.00933011, -0.0089700725, -0.037111305, -0.016540485, -0.032426257, 0.031272788, -0.019712666, 0.031348236, -0.042510837
0.0085926065, -0.008314466, -0.034740414, -0.017252387, -0.02869355, 0.030385533, -0.018551208, 0.029617881, -0.036494594
0.00906299, -0.008064142, -0.03590609, -0.017522981, -0.032014556, 0.030057982, -0.019702107, 0.030092435, -0.04019369
0.009930894, -0.009736033, -0.039577227, -0.019759106, -0.034982402, 0.033356365, -0.020900965, 0.033293538, -0.044777926
0.00685155, -0.0065522674, -0.026498714, -0.013155633, -0.023813225, 0.022936849, -0.014868718, 0.022757886, -0.031319767
0.011003503, -0.010349181, -0.04273493, -0.019476524, -0.037405662, 0.036040287, -0.023395956, 0.03623264, -0.04904823
0.009908686, -0.009460281, -0.03907241, -0.019150192, -0.032512777, 0.030773282, -0.021350604, 0.03417223, -0.046024732
0.009701826, -0.007829222, -0.03896262, -0.018984152, -0.033875477, 0.032482382, -0.02109981, 0.03235132, -0.044740796
0.006697811, -0.00970822, -0.03773835, -0.018224472, -0.032585192, 0.03305149, -0.020133084, 0.032100175, -0.04385608
0.012816527, -0.012564911, -0.05121867, -0.026369736, -0.043519907, 0.042740326, -0.02684625, 0.042843964, -0.058905236
0.0139101995, -0.013285224, -0.053867184, -0.024239749, -0.04658157, 0.044925746, -0.028417049, 0.045716554, -0.062048905
0.0054145665, -0.005284904, -0.022195915, -0.010953767, -0.01874425, 0.01728003, -0.011358811, 0.018041229, -0.024637168
0.009557448, -0.009356002, -0.038283344, -0.019197704, -0.0330246, 0.031932298, -0.019502088, 0.031717323, -0.04417939
0.009629485, -0.009766829, -0.039173163, -0.020896561, -0.033041086, 0.030844534, -0.01978093, 0.029403204, -0.04638813
0.009839637, -0.009626532, -0.039079282, -0.019697694, -0.034413327, 0.03206026, -0.021173997, 0.032807574, -0.044931043
0.008540108, -0.008390103, -0.03437983, -0.018137105, -0.029740052, 0.028548535, -0.017969253, 0.028456407, -0.038713932
0.009029578, -0.009285778, -0.036275595, -0.0199504, -0.03129902, 0.030765316, -0.016946085, 0.031045748, -0.04296066
0.007660181, -0.0074866735, -0.030469712, -0.01606931, -0.026702514, 0.025438748, -0.015672265, 0.025157461, -0.034508552
0.011018484, -0.010740391, -0.043017283, -0.023025438, -0.039071698, 0.035528626, -0.023200855, 0.036338095, -0.04892572
0.010472165, -0.010812687, -0.043853298, -0.023293473, -0.03790675, 0.03652684, -0.023714723, 0.03561432, -0.049903616
0.012330574, -0.011646231, -0.04758028, -0.024720918, -0.04244984, 0.03986637, -0.025433123, 0.03920827, -0.051412128
0.010805797, -0.011006159, -0.04247552, -0.024315802, -0.037245084, 0.03614788, -0.022641936, 0.035353027, -0.04753393
0.009033415, -0.008774624, -0.03264823, -0.018598245, -0.033558972, 0.030486472, -0.019754406, 0.030025922, -0.040148538
0.0094043305, -0.009021593, -0.038258035, -0.019076724, -0.029559504, 0.03206645, -0.02070169, 0.029699171, -0.042858686
0.009907653, -0.009493861, -0.038512416, -0.021138085, -0.034033753, 0.032557704, -0.019319091, 0.03149407, -0.04313119
0.009900573, -0.009710494, -0.03971975, -0.020487115, -0.034587618, 0.032484274, -0.020794941, 0.033146806, -0.045585614
0.011407027, -0.011404067, -0.046502765, -0.02386937, -0.039902005, 0.038069144, -0.023546165, 0.038179606, -0.050756976
0.012832958, -0.012385216, -0.04908168, -0.027410138, -0.04504552, 0.040607527, -0.0266897, 0.041556865, -0.05744396
0.010819901, -0.01069619, -0.042442925, -0.022692855, -0.03796963, 0.03617483, -0.022310574, 0.035855245, -0.04789815
0.010589893, -0.010091169, -0.04117507, -0.021697108, -0.035387207, 0.03402751, -0.021834824, 0.034408502, -0.045627248
0.011787246, -0.011049858, -0.04504925, -0.024166472, -0.037726596, 0.037848484, -0.023968603, 0.037733246, -0.05117134
0.009632585, -0.009466755, -0.038570844, -0.02096291, -0.03394735, 0.032310024, -0.020392977, 0.03224075, -0.04291508
0.009533832, -0.00899421, -0.036225744, -0.020484101, -0.03180931, 0.030738587, -0.019389676, 0.029941704, -0.04065514
0.010051828, -0.0090970155, -0.03680976, -0.01995462, -0.029496176, 0.031111412, -0.01966091, 0.031049678, -0.04242655
0.0113901645, -0.011157272, -0.044529874, -0.023719195, -0.040983498, 0.03756687, -0.023713844, 0.037717823, -0.05127928
0.009194187, -0.009006859, -0.036885142, -0.018783363, -0.03253922, 0.030716844, -0.019508075, 0.028597996, -0.041428287
0.010201488, -0.0100301625, -0.040154517, -0.02119277, -0.03522262, 0.034100443, -0.021403156, 0.034112453, -0.047129497
0.013925417, -0.010778086, -0.042848352, -0.021182613, -0.041190013, 0.03565948, -0.023910724, 0.038108665, -0.04775211
0.01569184, -0.011332469, -0.044212814, -0.022647647, -0.03749704, 0.04082158, -0.02462447, 0.038338657, -0.051039975
0.00877754, -0.008565331, -0.03333607, -0.01933198, -0.030291148, 0.029155966, -0.018481461, 0.028777367, -0.039027415
0.009213576, -0.0064961608, -0.03525318, -0.020296797, -0.032955527, 0.03132379, -0.021784605, 0.03055578, -0.040987436
0.008931087, -0.0086680995, -0.03542637, -0.01837192, -0.03066383, 0.029446287, -0.019637546, 0.029270057, -0.038136385
0.009698364, -0.007563399, -0.03659456, -0.019477516, -0.034142666, 0.03209906, -0.02112368, 0.031878375, -0.04395216
0.008466087, -0.008218903, -0.033941254, -0.01713827, -0.030312175, 0.028630938, -0.018175464, 0.028136343, -0.036343966
0.009781957, -0.01031824, -0.038984023, -0.01978686, -0.033781186, 0.03244658, -0.020949325, 0.031783443, -0.04399884
0.011688879, -0.01155224, -0.047044475, -0.024580464, -0.039743718, 0.04055818, -0.026042651, 0.03669361, -0.051340714
0.010147613, -0.009797722, -0.039699223, -0.021375196, -0.03244499, 0.033722106, -0.02173619, 0.032473393, -0.044601955
0.010430931, -0.010000074, -0.036561776, -0.020530771, -0.035196234, 0.03588917, -0.021768194, 0.034547396, -0.04874374
0.008720826, -0.012986219, -0.052112166, -0.027565308, -0.04705606, 0.04390721, -0.027583275, 0.043662086, -0.05885296
0.0072348374, -0.0075952024, -0.028757798, -0.017436188, -0.023956923, 0.024090998, -0.014711817, 0.023898926, -0.032336947
0.0093163205, -0.0093813725, -0.03898837, -0.020265792, -0.030990262, 0.0329735, -0.020431172, 0.031632084, -0.042341817
0.008726878, -0.008523823, -0.03541575, -0.019015113, -0.030758325, 0.029396722, -0.01876614, 0.028153239, -0.0401625
0.010814827, -0.01074698, -0.04096486, -0.021990737, -0.036886383, 0.037064385, -0.02318307, 0.036118492, -0.050600182
0.011603802, -0.011399068, -0.047905672, -0.024137778, -0.040155016, 0.038591094, -0.024446288, 0.036716606, -0.052567154
0.011122773, -0.010745768, -0.043546535, -0.022791218, -0.03999643, 0.038797326, -0.024604985, 0.037114486, -0.044874527
0.011230187, -0.010875593, -0.04545171, -0.02294401, -0.03149104, 0.03679532, -0.025426302, 0.03718253, -0.051904824
0.0112421345, -0.008386758, -0.035748515, -0.017503684, -0.030830335, 0.029206984, -0.018665636, 0.028478902, -0.03501855
0.010370223, -0.010023612, -0.039311312, -0.021186437, -0.037965573, 0.034148846, -0.01925655, 0.03174055, -0.048673496
0.012476232, -0.011392442, -0.050057456, -0.02627487, -0.043402288, 0.03913582, -0.026459375, 0.04145601, -0.057521615
0.01008842, -0.009759096, -0.039630752, -0.020197587, -0.03420119, 0.0341292, -0.021764882, 0.033996798, -0.045910116
0.01023406, -0.010067189, -0.040915024, -0.021101153, -0.035241093, 0.034198143, -0.021383762, 0.033860434, -0.046958506
0.009636366, -0.00926071, -0.03893313, -0.018522175, -0.033276025, 0.030385407, -0.02027437, 0.03197149, -0.043816783
0.011598491, -0.011183368, -0.04855512, -0.023043241, -0.035424873, 0.033961043, -0.023697115, 0.040574066, -0.05431102
0.007582185, -0.007173733, -0.03097904, -0.014840665, -0.026033634, 0.025357258, -0.015709596, 0.025963347, -0.030205606
0.010009793, -0.009619103, -0.040079623, -0.018769423, -0.034887437, 0.031865895, -0.021146214, 0.03343934, -0.04564957
0.008046696, -0.007761817, -0.031476054, -0.015438722, -0.027676577, 0.027748898, -0.016976228, 0.026801046, -0.036377247
0.009484545, -0.009097216, -0.03815019, -0.018503744, -0.032825254, 0.029900678, -0.020109171, 0.031509925, -0.043230284
0.0119310515, -0.0114759775, -0.046477694, -0.022207607, -0.04174839, 0.038188227, -0.025679467, 0.040051095, -0.055043392
0.0092694005, -0.008907251, -0.037607443, -0.017488096, -0.032104395, 0.030572062, -0.019572595, 0.030903425, -0.04163993
0.00688454, -0.0065859794, -0.027367223, -0.013657223, -0.024493417, 0.022054793, -0.0149161, 0.022060003, -0.030822504
0.009159007, -0.009061645, -0.036224876, -0.018808639, -0.03146169, 0.03072178, -0.019130757, 0.030606939, -0.04252788
0.009129507, -0.0087981, -0.03559098, -0.017457958, -0.031315878, 0.031318508, -0.01921098, 0.030399082, -0.0415472
0.0077527226, -0.0074705123, -0.030969007, -0.01437423, -0.026739797, 0.02570978, -0.016293848, 0.025875116, -0.035303608
0.013142813, -0.011357374, -0.04753551, -0.023417393, -0.0425669, 0.03854701, -0.025836455, 0.040969502, -0.057188053
0.011995463, -0.011484603, -0.04567852, -0.023296507, -0.042225428, 0.038627487, -0.025302665, 0.039819263, -0.05531828
0.009446683, -0.009053174, -0.03745353, -0.017376851, -0.03258636, 0.031456497, -0.019873424, 0.031514715, -0.043156184
0.007285693, -0.0074097095, -0.028542645, -0.0149657875, -0.02723857, 0.025910845, -0.01620468, 0.026054349, -0.035583403
0.008937387, -0.008622512, -0.03143391, -0.017848935, -0.03176226, 0.030262131, -0.019037165, 0.030366942, -0.041350253
0.0060314178, -0.00576122, -0.0239354, -0.011449448, -0.02068381, 0.020537678, -0.012640088, 0.020271128, -0.026598908
0.008535235, -0.008217662, -0.03409073, -0.01625334, -0.029707663, 0.02847073, -0.017968772, 0.028504254, -0.038306873
0.00892331, -0.008556643, -0.035359774, -0.01694185, -0.030896822, 0.029582962, -0.018775413, 0.029778203, -0.040680226
0.009598663, -0.0096538095, -0.03861691, -0.01993882, -0.033538457, 0.03230381, -0.020115748, 0.032429416, -0.044688214
0.009053869, -0.008719043, -0.035420097, -0.01791802, -0.03133969, 0.03027476, -0.018952752, 0.02995388, -0.041172948
0.010113017, -0.009713009, -0.040967792, -0.018799106, -0.03448751, 0.034184735, -0.0212797, 0.03385052, -0.045393914
0.00951451, -0.0082591195, -0.030835962, -0.016930755, -0.029942663, 0.030020885, -0.018656442, 0.029286167, -0.03870237
0.010529921, -0.010042666, -0.041697238, -0.020303931, -0.036847427, 0.034833208, -0.019244997, 0.03211549, -0.048526727
0.010850925, -0.010350465, -0.041842252, -0.020959927, -0.037562616, 0.037430022, -0.022855127, 0.03616649, -0.04932197
0.009147719, -0.008695199, -0.036320344, -0.01736139, -0.031775113, 0.031058596, -0.019302782, 0.03050443, -0.04073312
0.011096501, -0.010576252, -0.043871284, -0.021533411, -0.037115164, 0.03780098, -0.023383595, 0.037130542, -0.05048417
0.009343189, -0.008936183, -0.037041645, -0.017360233, -0.03225559, 0.031175321, -0.01969123, 0.031151904, -0.042691786
0.010363675, -0.009873344, -0.041896205, -0.019151643, -0.03599396, 0.03364433, -0.021844491, 0.034615945, -0.04753527
0.009889142, -0.009420277, -0.039197467, -0.017730525, -0.034131594, 0.033167806, -0.0207866, 0.0330908, -0.045359265
0.008831047, -0.0084839, -0.03531335, -0.017813135, -0.029474793, 0.029674944, -0.018989215, 0.029120587, -0.04112373
0.010793145, -0.009600827, -0.04264532, -0.020007923, -0.037420217, 0.036082696, -0.022722457, 0.036099833, -0.049722284
0.010884313, -0.010404331, -0.04260283, -0.020131106, -0.037791345, 0.03601205, -0.023149455, 0.036420107, -0.05032617
0.013285902, -0.012721876, -0.051826715, -0.024637502, -0.046193305, 0.04484685, -0.028119398, 0.04437288, -0.060971502
0.010288084, -0.00986092, -0.04108182, -0.01913141, -0.035677653, 0.03372072, -0.021648118, 0.034303818, -0.047253203
0.008654991, -0.008335388, -0.034917768, -0.015642688, -0.030081, 0.027347902, -0.01828951, 0.029017314, -0.03999051
0.008363273, -0.008009543, -0.033320997, -0.015095642, -0.028989248, 0.0278066, -0.017644564, 0.027989192, -0.03850445
0.0075520007, -0.0072380677, -0.029580627, -0.014613118, -0.026098082, 0.025506558, -0.015911048, 0.025287427, -0.03444482
0.011194434, -0.010711638, -0.04452541, -0.021241205, -0.039110918, 0.036583606, -0.023498928, 0.03732278, -0.051041033
0.011420202, -0.010437665, -0.042215466, -0.0220027, -0.037341736, 0.035243712, -0.020876113, 0.035104673, -0.04744041
0.0095069865, -0.009233009, -0.039630637, -0.01886621, -0.036956742, 0.035234176, -0.023013746, 0.034337703, -0.047749937
0.012544512, -0.012256305, -0.04998742, -0.025795395, -0.04331935, 0.041961126, -0.026344312, 0.041621678, -0.058258362
0.0069143088, -0.005896536, -0.02714552, -0.01578768, -0.02469715, 0.025402071, -0.014840922, 0.023405714, -0.032523096
0.008011195, -0.00807952, -0.03319826, -0.01832719, -0.028275613, 0.026183018, -0.017295051, 0.027133744, -0.037126742
0.008404558, -0.008374808, -0.035131272, -0.016832683, -0.02889656, 0.026600448, -0.017671723, 0.027735345, -0.038174726
0.0083642285, -0.008397637, -0.03369845, -0.01587642, -0.028183563, 0.028377568, -0.01749672, 0.027981108, -0.038120322
0.008356759, -0.00822561, -0.033368662, -0.01729848, -0.028789526, 0.027833937, -0.017463112, 0.027895099, -0.03827066
0.009028309, -0.009250903, -0.037342627, -0.019417658, -0.032059524, 0.031074407, -0.019455902, 0.031076236, -0.04284529
0.010650598, -0.010263428, -0.041687053, -0.021103015, -0.03529132, 0.036603898, -0.02283114, 0.03744264, -0.04662219
0.009269002, -0.009410911, -0.03863988, -0.018371463, -0.03408086, 0.032514177, -0.02071027, 0.031487904, -0.044973448
0.0084594535, -0.008268483, -0.032270808, -0.017407747, -0.028928818, 0.029061312, -0.017750846, 0.028247967, -0.038798943
0.009838355, -0.009599229, -0.03986304, -0.020009315, -0.033580363, 0.03365295, -0.020879453, 0.03329837, -0.043003716
0.011533456, -0.011042841, -0.04650347, -0.025422342, -0.03957244, 0.03962685, -0.023169534, 0.03855002, -0.053364653
0.008658794, -0.011141513, -0.046005182, -0.023275083, -0.038273547, 0.03854502, -0.02482043, 0.035717186, -0.05321835
0.009689298, -0.009348961, -0.038773112, -0.019134326, -0.033956382, 0.028537335, -0.020493574, 0.032647196, -0.0448015
0.010014869, -0.009653434, -0.03979057, -0.018304942, -0.034875885, 0.032120336, -0.020714393, 0.033930063, -0.045958415
0.0074878805, -0.0071873316, -0.029885173, -0.014634928, -0.025871823, 0.025470475, -0.015602426, 0.02507788, -0.032269116
0.009004509, -0.00869818, -0.036033645, -0.017832248, -0.028412966, 0.029899858, -0.019045219, 0.029703328, -0.042324252
0.011788479, -0.011186064, -0.04637631, -0.02304092, -0.040599443, 0.0400378, -0.02461603, 0.038604297, -0.048762027
0.007648108, -0.0073198564, -0.031491093, -0.014977629, -0.024514128, 0.024478318, -0.016196443, 0.026211306, -0.033795875
0.008761989, -0.008476166, -0.03215931, -0.017440613, -0.031127276, 0.029680276, -0.01845151, 0.029459143, -0.040483683
0.008437293, -0.007981826, -0.032109264, -0.016501578, -0.029659802, 0.025793824, -0.017999148, 0.027961167, -0.039025743
0.00811034, -0.008025697, -0.031738773, -0.01572311, -0.029182157, 0.027276844, -0.01701718, 0.027218094, -0.03564448
0.010236532, -0.010176129, -0.041382704, -0.020987857, -0.035443526, 0.03340578, -0.021538587, 0.034302864, -0.04732823
0.007216243, -0.006948598, -0.028166609, -0.01444882, -0.023586182, 0.025214015, -0.015223392, 0.024474211, -0.03245909
0.008862932, -0.008539802, -0.03528228, -0.016695974, -0.031006819, 0.030679887, -0.01743708, 0.029712291, -0.038929228
0.010920801, -0.008234822, -0.036469106, -0.0191481, -0.033416253, 0.036890987, -0.02063292, 0.0321297, -0.041033205
0.00885722, -0.008518037, -0.035233077, -0.01532046, -0.031315986, 0.026002206, -0.018786907, 0.030386211, -0.0412771
0.008371172, -0.008061188, -0.033949655, -0.01564479, -0.032201506, 0.0251885, -0.018168377, 0.027807675, -0.03597299
0.0072633987, -0.0070174383, -0.026724568, -0.01437173, -0.025193498, 0.02445215, -0.0155258905, 0.024452284, -0.033362865
0.017926106, -0.009184314, -0.04298545, -0.021410326, -0.0369117, 0.03542088, -0.02170672, 0.03578881, -0.048878532
0.011070259, -0.010926971, -0.043475363, -0.022644153, -0.038333934, 0.03755916, -0.022862451, 0.03675593, -0.05113807
0.01081494, -0.010497857, -0.043858904, -0.02119785, -0.038308136, 0.036000594, -0.023211583, 0.036309186, -0.046108756
0.009124918, -0.008789573, -0.03637306, -0.018328657, -0.029088756, 0.030645447, -0.01954629, 0.03046017, -0.04204309
0.009627408, -0.009484322, -0.03840717, -0.019119665, -0.03351376, 0.032104224, -0.020071693, 0.031856745, -0.04410046
0.010640005, -0.010229117, -0.042824667, -0.021129522, -0.034579158, 0.0337844, -0.022243507, 0.03533607, -0.04980444
0.009909344, -0.009482698, -0.039650343, -0.019169087, -0.035660688, 0.033161607, -0.020866688, 0.03309621, -0.042183693
0.0100396415, -0.00972215, -0.039664123, -0.020228567, -0.028322106, 0.0341983, -0.022466866, 0.03323561, -0.047256194
0.009878622, -0.009618621, -0.042974763, -0.020239688, -0.03363181, 0.031975567, -0.020605644, 0.03218493, -0.042833596
0.009943268, -0.009828599, -0.03975691, -0.01936354, -0.03486794, 0.03305666, -0.02079702, 0.033137567, -0.04552871
0.009159517, -0.008724018, -0.034576025, -0.017173192, -0.030007875, 0.028987562, -0.018199094, 0.028540056, -0.038933482
0.012115879, -0.011868206, -0.048427105, -0.024707325, -0.042171866, 0.039176714, -0.025421632, 0.04040521, -0.05587316
0.011316919, -0.011066885, -0.046294387, -0.023116173, -0.03906425, 0.037260164, -0.02378362, 0.03777623, -0.051298436
0.010494357, -0.010043448, -0.04225892, -0.02138163, -0.035833806, 0.0345059, -0.022107804, 0.035046086, -0.048900373
0.009160704, -0.009478731, -0.03727253, -0.01787945, -0.031574696, 0.031095134, -0.01955324, 0.03100446, -0.04282642
0.009396694, -0.009234838, -0.03784214, -0.019268824, -0.03239974, 0.031304196, -0.019699546, 0.03137754, -0.042715896
0.0082868235, -0.00682612, -0.031178396, -0.015387157, -0.027103309, 0.026148433, -0.016407818, 0.025772987, -0.034517247
0.008820429, -0.0087238485, -0.035810642, -0.018153312, -0.030612111, 0.029095707, -0.018503515, 0.029589614, -0.040687796
0.009879203, -0.009730664, -0.040060986, -0.020051524, -0.034161884, 0.03317444, -0.020745128, 0.032780297, -0.044801164
0.011405762, -0.011428838, -0.045540992, -0.02264088, -0.039505534, 0.038339496, -0.023578553, 0.038132753, -0.052590683
0.009531887, -0.008969167, -0.037968844, -0.018323429, -0.032892343, 0.0318021, -0.021847852, 0.03177407, -0.04236353
0.00953054, -0.009242303, -0.035629477, -0.019585822, -0.029873762, 0.032580357, -0.021968504, 0.031410385, -0.04454625
0.009549238, -0.00980526, -0.038658243, -0.018403864, -0.033841107, 0.03231754, -0.020727793, 0.034788303, -0.04477281
0.010160809, -0.009934965, -0.04008869, -0.020269902, -0.03464158, 0.034116637, -0.021296574, 0.033837706, -0.047254544
0.009367748, -0.009248863, -0.03761345, -0.019307328, -0.032303885, 0.03125223, -0.019597176, 0.03129186, -0.042925812
0.009969656, -0.0095823165, -0.037035845, -0.019738853, -0.034555268, 0.03237432, -0.021245461, 0.033258453, -0.046118814
0.008867224, -0.008708396, -0.036852658, -0.018205486, -0.031353436, 0.02941435, -0.018768122, 0.030542567, -0.037792515
0.011159585, -0.011020974, -0.044198833, -0.022327524, -0.038649946, 0.037877083, -0.023209736, 0.036881045, -0.051149674
0.010867421, -0.009955486, -0.039340112, -0.019329896, -0.035514254, 0.031288326, -0.021168137, 0.03364981, -0.048081793
0.009676065, -0.009868948, -0.035461474, -0.018098375, -0.031898182, 0.030742588, -0.01923404, 0.029793488, -0.0388796
0.009695192, -0.009528657, -0.038034994, -0.019974267, -0.033436485, 0.03245203, -0.02032472, 0.032390244, -0.044818416
0.013016413, -0.013004245, -0.052825294, -0.02641227, -0.045050118, 0.043474607, -0.02732405, 0.043751538, -0.05954676
0.00630185, -0.0061077476, -0.02527673, -0.01292191, -0.022500088, 0.019087162, -0.014014766, 0.020739773, -0.028229669
0.008057689, -0.0078358585, -0.031097153, -0.016742919, -0.027942488, 0.028107062, -0.016763842, 0.026490126, -0.034851912
0.009520072, -0.009177378, -0.039131794, -0.018108364, -0.031194592, 0.033581495, -0.02042165, 0.03206011, -0.040951062
0.010772138, -0.010349239, -0.04262227, -0.021597115, -0.038120057, 0.035758637, -0.019824732, 0.035724882, -0.04847799
0.012393547, -0.012200825, -0.048516672, -0.02567657, -0.04274278, 0.041710403, -0.025981195, 0.041404746, -0.05721347
0.010348262, -0.010069172, -0.04069032, -0.02093488, -0.035843678, 0.034730215, -0.021309195, 0.034518156, -0.047606543
0.009814724, -0.009678, -0.038783316, -0.019897338, -0.033757288, 0.033070847, -0.0203665, 0.032620575, -0.045250047
0.009403435, -0.009156526, -0.03778321, -0.019204054, -0.0320626, 0.0315599, -0.01966364, 0.031343002, -0.043055773
0.010607778, -0.010560647, -0.04270682, -0.021999173, -0.036705848, 0.035556, -0.022239108, 0.035609663, -0.04907881
0.0070144143, -0.007139331, -0.029116556, -0.013592584, -0.0248544, 0.024279218, -0.0155530395, 0.024118902, -0.03329568
0.010280437, -0.010095652, -0.041526586, -0.021134922, -0.035502955, 0.033390895, -0.021633158, 0.034332808, -0.04703677
0.0106026465, -0.0095312465, -0.03643813, -0.021541279, -0.03917633, 0.035891727, -0.023549378, 0.034251906, -0.04689654
0.010740969, -0.010590302, -0.043666296, -0.021646654, -0.037081204, 0.03579949, -0.022455323, 0.036011204, -0.048535544
0.012377549, -0.01068406, -0.0433298, -0.020951673, -0.039478313, 0.035780363, -0.021441571, 0.036531094, -0.049349498
0.010665599, -0.010184673, -0.037505664, -0.021435251, -0.036999602, 0.03750947, -0.022310384, 0.035575207, -0.04575397
0.0063584917, -0.006132701, -0.024937555, -0.011181658, -0.022208886, 0.021682048, -0.013414464, 0.02237913, -0.028293822
0.010815465, -0.010262696, -0.04016566, -0.02043622, -0.03743054, 0.03560003, -0.022264108, 0.035020318, -0.047777575
0.009411136, -0.00910767, -0.036382113, -0.018326776, -0.033537533, 0.031882983, -0.0198213, 0.030530283, -0.043919966
0.008008533, -0.007935823, -0.031391226, -0.016186351, -0.027991287, 0.026797675, -0.016364697, 0.026407342, -0.037592098
0.009588633, -0.009429193, -0.038281742, -0.019879768, -0.03304379, 0.031965192, -0.020030577, 0.03201321, -0.043881036
0.011576107, -0.011369057, -0.046168324, -0.023848552, -0.03940995, 0.03852997, -0.024224548, 0.03865693, -0.05321743
0.0094815325, -0.009315233, -0.03797512, -0.019512178, -0.03267719, 0.032028664, -0.01984075, 0.03166394, -0.042942878
0.009344184, -0.0091057345, -0.037660263, -0.019276042, -0.031765487, 0.032060433, -0.020927798, 0.02963059, -0.041389853
0.008604188, -0.008488885, -0.03365906, -0.016882187, -0.02970674, 0.029235728, -0.01799582, 0.028655177, -0.039571673
0.0095173195, -0.008445902, -0.04019603, -0.021837013, -0.034422312, 0.033230413, -0.020879706, 0.0324124, -0.045662038
0.007930515, -0.0075335638, -0.03101448, -0.014983082, -0.027364327, 0.025482949, -0.017169915, 0.026640499, -0.036378466
0.010465491, -0.0103365835, -0.042146742, -0.021993687, -0.036147796, 0.035164963, -0.019906363, 0.034816198, -0.047853444
0.0075766123, -0.007495869, -0.030392164, -0.016024986, -0.024474572, 0.02516849, -0.016180787, 0.025245856, -0.034842037
0.009141989, -0.008931269, -0.037159216, -0.017889393, -0.03155082, 0.029260812, -0.019011522, 0.030508533, -0.042013396
0.010648844, -0.010472575, -0.042567495, -0.02206863, -0.036628827, 0.03547055, -0.02224438, 0.03555661, -0.04885904
0.010724327, -0.010552431, -0.042397965, -0.02119733, -0.036755595, 0.035553407, -0.021991009, 0.03527636, -0.048363686
0.010348177, -0.010052679, -0.041020986, -0.02099638, -0.03612577, 0.033905175, -0.021809885, 0.034589864, -0.045945637
0.010249787, -0.010070946, -0.040996816, -0.021149911, -0.035453953, 0.034097012, -0.021376543, 0.03403507, -0.04581921
0.009985592, -0.009289601, -0.039480142, -0.020297151, -0.035483666, 0.033118255, -0.02288859, 0.032593478, -0.041472875
0.0100046, -0.009811044, -0.03981299, -0.020646699, -0.03480774, 0.033852905, -0.020807711, 0.033197057, -0.04503821
0.012101748, -0.012105605, -0.048768684, -0.024845319, -0.04357081, 0.040329408, -0.025588201, 0.040649682, -0.055641286
0.0075336527, -0.0074502146, -0.02974833, -0.01503887, -0.02558315, 0.026300512, -0.015844904, 0.025184762, -0.03395111
0.011469714, -0.012977243, -0.04249406, -0.022917777, -0.041387886, 0.037563518, -0.023936825, 0.03819189, -0.051770642
0.008493503, -0.008363669, -0.035317224, -0.017819727, -0.02788228, 0.028322676, -0.017866889, 0.029488267, -0.03703252
0.010760897, -0.010480543, -0.0424626, -0.02355537, -0.037496228, 0.035155922, -0.02263922, 0.035406206, -0.04887166
0.0112333, -0.011266018, -0.046909615, -0.023733513, -0.03871903, 0.03735531, -0.022809, 0.037581373, -0.050273664
0.007411772, -0.007178401, -0.02931292, -0.015706617, -0.025620826, 0.024108604, -0.015360148, 0.024575524, -0.033229616
0.008087766, -0.006930718, -0.0334756, -0.018401228, -0.028866686, 0.028051322, -0.017061656, 0.0281645, -0.038640715
0.011029393, -0.010707574, -0.043613672, -0.023826972, -0.03831104, 0.035401557, -0.02298649, 0.036050428, -0.0483435
