0.013484368, 0.015060816, 0.04338958, 0.0259054, -0.0054663895, 0.0016653996, 0.0012655116, -0.023711843, 0.040195808
0.011822305, -0.011469379, -0.047109265, -0.023613384, -0.040936746, 0.039415583, -0.024883427, 0.039545517, -0.054154426
0.008835467, -0.008573475, -0.03483646, -0.01833153, -0.031768754, 0.029995045, -0.018109553, 0.029781623, -0.042703725
0.014332559, -0.014351215, -0.057342876, -0.031523366, -0.049235623, 0.04772296, -0.029793628, 0.04770361, -0.065492496
0.009933102, -0.009892593, -0.039760012, -0.02161894, -0.03420283, 0.033095296, -0.020673586, 0.0331067, -0.0454425
0.009337785, -0.009402366, -0.037978027, -0.019763172, -0.032389965, 0.031754643, -0.01995175, 0.031680938, -0.04364789
0.01113417, -0.017749954, -0.05040912, -0.025350995, -0.04313254, 0.039442956, -0.02608235, 0.0421723, -0.05879242
0.011964322, -0.011763398, -0.047801383, -0.023790238, -0.04343879, 0.038879894, -0.026162509, 0.040268037, -0.05506103
0.010386025, -0.010532338, -0.042885385, -0.022280326, -0.036421765, 0.035668448, -0.022384798, 0.035920568, -0.049148474
0.009475051, -0.007981691, -0.038040318, -0.019584034, -0.032106597, 0.031517293, -0.020022206, 0.030873707, -0.043498993
0.010738773, -0.010441592, -0.042629167, -0.022139478, -0.03699905, 0.03563078, -0.022755869, 0.03544549, -0.04848428
0.012274227, -0.0119204875, -0.047949743, -0.025600247, -0.041937202, 0.040250596, -0.025358658, 0.040169954, -0.05465326
0.009338167, -0.009044684, -0.036995586, -0.018739672, -0.03216899, 0.030927788, -0.019577071, 0.03109239, -0.04251006
0.012571377, -0.012556526, -0.050324254, -0.02755074, -0.043130092, 0.041882545, -0.026122453, 0.04192252, -0.057550315
0.009984058, -0.009725367, -0.039619446, -0.020243531, -0.034592524, 0.033238772, -0.021048348, 0.033313468, -0.045558088
