-0.025010318, 0.015807807, 0.013207324, 0.026654722, -0.006986615, 0.058737025, -0.024484666, 0.007682347, 0.01701556
-0.0329874, -0.041935027, -0.049286753, 0.038632814, -0.033477552, -0.040075142, -0.01914587, -0.03677057, -0.011205033
-0.021255996, -0.027963364, -0.028944943, 0.02871487, -0.021040088, -0.026208902, -0.013428812, -0.026042746, -0.007300176
-0.035145834, -0.044547144, -0.050597876, 0.040418774, -0.03523153, -0.0418396, -0.020288575, -0.037227195, -0.011790921
-0.034661464, -0.04660534, -0.04966237, 0.04108331, -0.036542986, -0.04429838, -0.02016778, -0.03953093, -0.012437904
-0.026174134, -0.03545437, -0.03725439, 0.03057438, -0.026215216, -0.03181083, -0.014973879, -0.029384641, -0.00894605
-0.031611774, -0.04138037, -0.04506517, 0.03701275, -0.032142594, -0.038185205, -0.018940318, -0.034586914, -0.010685678
-0.027854582, -0.036366146, -0.039760865, 0.03264353, -0.028320955, -0.033262175, -0.016246125, -0.03130773, -0.009430197
-0.0348762, -0.045928758, -0.050344806, 0.040299512, -0.035708096, -0.04245553, -0.020604443, -0.039382633, -0.0118630575
-0.025355412, -0.03260242, -0.036190134, 0.029695729, -0.025808124, -0.03062373, -0.01471592, -0.028271541, -0.008598063
-0.034583196, -0.04426024, -0.049450748, 0.04032223, -0.035044555, -0.04170235, -0.01997191, -0.038504504, -0.011736837
-0.037740905, -0.050777264, -0.054068543, 0.04367333, -0.03821561, -0.04549123, -0.020267665, -0.041233107, -0.012878851
-0.033816814, -0.045238305, -0.047462035, 0.039673597, -0.034527715, -0.041084882, -0.019347727, -0.037802767, -0.011497733
-0.032828286, -0.04383712, -0.04466383, 0.03518914, -0.033874497, -0.03783862, -0.019845596, -0.03159131, -0.010658083
-0.029449964, -0.03872697, -0.042097248, 0.034074243, -0.029700445, -0.03532313, -0.015526343, -0.031603165, -0.009993515
-0.024232427, -0.03185161, -0.034703184, 0.028009962, -0.024438033, -0.0290756, -0.012671459, -0.026270427, -0.008235412
-0.031447332, -0.03999385, -0.04498773, 0.036467742, -0.031724963, -0.037779402, -0.017864965, -0.034659475, -0.010612278
-0.027854275, -0.035842955, -0.039541293, 0.032517396, -0.028402233, -0.0332997, -0.015773341, -0.030829238, -0.009367957
-0.03454103, -0.045608345, -0.049244046, 0.03957485, -0.034782834, -0.04138353, -0.018029358, -0.03733322, -0.011714321
-0.027384825, -0.0361274, -0.03929564, 0.031806745, -0.027715152, -0.032990973, -0.014344156, -0.029829726, -0.009323446
-0.024514627, -0.033514075, -0.032682724, 0.027025452, -0.023945315, -0.02824889, -0.012941753, -0.025139539, -0.008184103
-0.025306676, -0.033575498, -0.036251944, 0.029017625, -0.025475973, -0.030298159, -0.013270338, -0.027157266, -0.008651589
-0.03177572, -0.042186435, -0.045419738, 0.036769126, -0.032129567, -0.038182914, -0.01656391, -0.034354012, -0.010832814
-0.036785062, -0.049117077, -0.0525961, 0.042310797, -0.037106313, -0.044119142, -0.019830232, -0.039615, -0.012549183
-0.029484246, -0.03922905, -0.04256444, 0.03610913, -0.030794797, -0.036095493, -0.014259265, -0.03482424, -0.01007098
-0.03015821, -0.039391585, -0.042693406, 0.03403688, -0.030141748, -0.035852827, -0.016451167, -0.03233143, -0.010182711
-0.035875548, -0.04737841, -0.051572744, 0.041567083, -0.03626669, -0.043120444, -0.01874454, -0.0382017, -0.01268477
-0.033695627, -0.044476848, -0.048372988, 0.038934436, -0.03402994, -0.04047824, -0.017316764, -0.036470253, -0.011536332
-0.034321282, -0.045336034, -0.049142614, 0.03970058, -0.03465914, -0.04123541, -0.018715741, -0.03655309, -0.011967432
-0.033514436, -0.04442391, -0.047770467, 0.038740616, -0.03379286, -0.040253095, -0.01804936, -0.035885025, -0.011948906
-0.024826689, -0.033512015, -0.03624946, 0.029193569, -0.025045669, -0.030600226, -0.013861085, -0.027491115, -0.008926802
-0.034173187, -0.045175284, -0.04780497, 0.039059374, -0.034122046, -0.040593114, -0.017879069, -0.036450718, -0.0115287015
-0.032315146, -0.04237824, -0.046800807, 0.036748867, -0.0326754, -0.038829867, -0.017354919, -0.035217505, -0.0111075565
-0.026771419, -0.0343919, -0.037318904, 0.029715639, -0.026437312, -0.0314175, -0.013885476, -0.028542284, -0.008926818
-0.033961225, -0.0425318, -0.043509398, 0.03702298, -0.03198066, -0.03780564, -0.018475238, -0.035322335, -0.010985126
-0.025748285, -0.035886344, -0.039082143, 0.0316884, -0.02766166, -0.032911118, -0.01565579, -0.030114518, -0.009255235
-0.031159319, -0.041916415, -0.045986626, 0.0366435, -0.03203, -0.037374828, -0.016848441, -0.034781415, -0.011855234
-0.03012275, -0.03999708, -0.04224275, 0.03516831, -0.031321574, -0.036895115, -0.017825628, -0.034414764, -0.010278188
-0.024492687, -0.032116897, -0.035011474, 0.029237086, -0.024600267, -0.029915763, -0.01734267, -0.027455911, -0.008248161
-0.032786656, -0.041933935, -0.046852205, 0.039435104, -0.033508707, -0.040026646, -0.021334417, -0.038316846, -0.010088659
-0.033001363, -0.043315772, -0.045927856, 0.03984795, -0.03406046, -0.04055379, -0.02130708, -0.039219342, -0.010155622
-0.031669483, -0.042395085, -0.0463572, 0.038626827, -0.033208184, -0.038997736, -0.01699111, -0.04010891, -0.010800144
-0.024649441, -0.03337664, -0.036605682, 0.03134729, -0.024883175, -0.030821525, -0.015408919, -0.028806144, -0.008811916
-0.024861977, -0.034621496, -0.03588339, 0.031061247, -0.026717529, -0.0325332, -0.016032146, -0.02903503, -0.008808749
-0.0351119, -0.04374121, -0.0525952, 0.0413721, -0.0365641, -0.04365622, -0.021542877, -0.036361996, -0.011868224
-0.027516123, -0.036063556, -0.0374075, 0.031916313, -0.027955616, -0.033254314, -0.01604554, -0.029943699, -0.0091814175
-0.02666548, -0.035118338, -0.03870067, 0.02974568, -0.026326263, -0.032197196, -0.01569377, -0.02941884, -0.0089979395
-0.027190931, -0.03579978, -0.039223444, 0.030246714, -0.02770905, -0.0331171, -0.017182458, -0.031100765, -0.009169898
-0.026531773, -0.036322873, -0.038031463, 0.03074711, -0.026092017, -0.03157167, -0.015477585, -0.02903007, -0.008920025
-0.03437631, -0.048139293, -0.051383287, 0.040481888, -0.033660516, -0.041832972, -0.020595277, -0.038280994, -0.0118453065
-0.026427194, -0.03689582, -0.042228892, 0.03234908, -0.028183933, -0.033435583, -0.016309649, -0.030200234, -0.009573169
-0.025980828, -0.034691777, -0.038233906, 0.029703172, -0.027059596, -0.03198462, -0.015906023, -0.029585833, -0.00899377
-0.029645566, -0.038198873, -0.042772524, 0.033089355, -0.029957205, -0.035425127, -0.017186126, -0.03183177, -0.009279071
-0.025344789, -0.03384161, -0.03777725, 0.030406065, -0.025214607, -0.03114241, -0.0151837785, -0.02896902, -0.008739346
-0.025806967, -0.035939205, -0.03719464, 0.031535953, -0.027144523, -0.031854007, -0.015365663, -0.029812166, -0.008957921
-0.0230386, -0.029976496, -0.03329316, 0.026346432, -0.023505755, -0.02783017, -0.014297268, -0.025240134, -0.007144591
-0.028463747, -0.038099535, -0.0409968, 0.031784117, -0.025900431, -0.035021637, -0.01798996, -0.032491695, -0.00953241
-0.030881014, -0.04128219, -0.044842556, 0.035996158, -0.03150043, -0.037422497, -0.016659342, -0.03355104, -0.010587165
-0.02725488, -0.03601277, -0.03966766, 0.032445572, -0.027947614, -0.03262207, -0.015884848, -0.026502386, -0.009218713
-0.028939543, -0.036833547, -0.04009692, 0.032548748, -0.029692158, -0.03757951, -0.0203191, -0.030634344, -0.009851196
-0.021797074, -0.025352934, -0.031295147, 0.024759151, -0.021671731, -0.025934728, -0.011778625, -0.023435647, -0.0072619566
-0.032513868, -0.053311665, -0.058140416, 0.045195095, -0.040318925, -0.047873694, -0.023251843, -0.0421286, -0.013218082
-0.03082116, -0.039966248, -0.044257365, 0.036511708, -0.031088933, -0.037478283, -0.018304326, -0.035531446, -0.010410745
-0.023907365, -0.031738065, -0.034144703, 0.027938114, -0.02431961, -0.028873574, -0.013557148, -0.026103618, -0.008123083
-0.03926585, -0.050621092, -0.05586729, 0.047043238, -0.038297012, -0.0477993, -0.02417803, -0.045256756, -0.013085774
-0.03674472, -0.04809986, -0.052727982, 0.043417655, -0.037510704, -0.04375866, -0.021993972, -0.042381834, -0.01236525
-0.0298556, -0.039367042, -0.042852573, 0.035990953, -0.028247237, -0.0365627, -0.01874792, -0.035250835, -0.010070897
-0.02677669, -0.03527521, -0.037158202, 0.031438325, -0.027366858, -0.03250632, -0.01594137, -0.030521344, -0.009093335
-0.032529645, -0.04222131, -0.04617394, 0.03728711, -0.03256719, -0.03869153, -0.017054657, -0.034542367, -0.011012923
-0.028661305, -0.03817692, -0.041222602, 0.033982333, -0.029516188, -0.034624014, -0.017230226, -0.032373577, -0.009775722
-0.022068128, -0.029577509, -0.032303248, 0.026566554, -0.022850964, -0.02722655, -0.0138827395, -0.025784057, -0.0075603924
-0.027758515, -0.036997344, -0.040444117, 0.033280037, -0.028326372, -0.034222152, -0.01739359, -0.031761654, -0.00951456
-0.022897897, -0.030134806, -0.033144314, 0.027023528, -0.022751817, -0.027808929, -0.01394811, -0.025606768, -0.00748761
-0.020390527, -0.02676418, -0.029130017, 0.024280425, -0.020839652, -0.024824277, -0.013078805, -0.022141505, -0.0068036695
-0.030353116, -0.04017603, -0.044648733, 0.03456945, -0.031627532, -0.03713621, -0.018886335, -0.031843245, -0.010109616
-0.026114922, -0.033244174, -0.03610474, 0.029531607, -0.026287148, -0.03127765, -0.018646132, -0.029118959, -0.0086646145
-0.024537805, -0.032465216, -0.033824436, 0.028909737, -0.025320193, -0.029880276, -0.01523841, -0.027584545, -0.008294137
-0.029994247, -0.038753446, -0.043169707, 0.03466613, -0.030747024, -0.036313515, -0.01746955, -0.033763796, -0.010169313
-0.02619057, -0.034898847, -0.037214175, 0.030223098, -0.027091846, -0.032085143, -0.015303991, -0.029493816, -0.010705732
-0.019984376, -0.029784136, -0.030780831, 0.025037203, -0.02194093, -0.026108677, -0.011784572, -0.023757646, -0.007540624
-0.02629224, -0.033705704, -0.037495043, 0.030779507, -0.025842944, -0.03164517, -0.014976882, -0.029965874, -0.008888391
-0.028185816, -0.035647556, -0.0390222, 0.03058802, -0.027792681, -0.036920093, -0.01710427, -0.028980149, -0.009270366
-0.029199975, -0.037786976, -0.04161222, 0.033077627, -0.02920781, -0.03516825, -0.01600617, -0.03383539, -0.009870369
-0.028569795, -0.03717763, -0.040693246, 0.031595543, -0.027628802, -0.034383673, -0.016732985, -0.030792678, -0.0094089275
-0.031823754, -0.04196793, -0.04624959, 0.038341537, -0.030923523, -0.038887754, -0.01990505, -0.034770127, -0.0106976405
-0.03184798, -0.04108679, -0.047512386, 0.038637236, -0.033560313, -0.039759334, -0.01971517, -0.03783105, -0.011007298
-0.0262399, -0.034185376, -0.037505593, 0.03218597, -0.02515294, -0.03179496, -0.016196413, -0.031491008, -0.008722368
-0.030582452, -0.03985673, -0.043987233, 0.036394663, -0.03152943, -0.037431035, -0.018721277, -0.03182801, -0.01032922
-0.02758653, -0.036222246, -0.038728897, 0.03343546, -0.02604664, -0.03113641, -0.017466685, -0.032817863, -0.009230504
-0.025292313, -0.032892667, -0.03606886, 0.02843938, -0.025614262, -0.030399926, -0.014551167, -0.028245518, -0.008051036
-0.029865917, -0.038957827, -0.042877086, 0.034207188, -0.030159574, -0.035807032, -0.016074935, -0.032509226, -0.010100452
-0.029114872, -0.03767171, -0.041742608, 0.032136366, -0.03044178, -0.035496004, -0.01828896, -0.03393268, -0.009735164
-0.032029487, -0.04146905, -0.04484292, 0.037475206, -0.032984298, -0.038703326, -0.018678777, -0.03631177, -0.010820505
-0.030665968, -0.04069739, -0.046091937, 0.03478235, -0.03160858, -0.0363004, -0.017832307, -0.032975536, -0.010419847
-0.031321637, -0.043561418, -0.043591615, 0.03844661, -0.035256755, -0.03983315, -0.024169404, -0.03062702, -0.010908821
-0.027062505, -0.035326812, -0.038914938, 0.03245897, -0.027964557, -0.03317144, -0.01701039, -0.031970646, -0.009126512
-0.03487973, -0.045039736, -0.048928052, 0.04374786, -0.038294785, -0.042678107, -0.022788892, -0.036895838, -0.011734229
-0.029454835, -0.03891649, -0.041659087, 0.035797533, -0.029253425, -0.036257815, -0.02027985, -0.03504622, -0.009708425
-0.031490214, -0.04091442, -0.04507667, 0.03496434, -0.03226241, -0.03815505, -0.020527786, -0.038009603, -0.010587778
-0.018649299, -0.024312451, -0.026594436, 0.022251304, -0.019156778, -0.022763042, -0.011348409, -0.021584738, -0.0062479833
-0.022814874, -0.03017626, -0.032996178, 0.027518215, -0.023139456, -0.028119138, -0.014930083, -0.02660038, -0.00767287
-0.03053145, -0.03918415, -0.043592606, 0.035078503, -0.030591998, -0.036324367, -0.015207228, -0.033153873, -0.0103665525
-0.025799401, -0.033368584, -0.03661022, 0.030340213, -0.026388017, -0.031398892, -0.01653522, -0.02998401, -0.008636167
-0.03429749, -0.044728953, -0.048807863, 0.040890414, -0.033709798, -0.041704196, -0.023510067, -0.03855541, -0.0115559455
-0.029871399, -0.039325166, -0.042143706, 0.035112638, -0.03129603, -0.036909167, -0.01870394, -0.037022617, -0.010221873
-0.025975563, -0.034234688, -0.037601184, 0.031741854, -0.027304579, -0.031705976, -0.017286548, -0.029869212, -0.008732381
-0.030144684, -0.039511263, -0.041671358, 0.03621943, -0.031030977, -0.036823347, -0.0191537, -0.035015173, -0.010055803
-0.017139409, -0.022234527, -0.024140717, 0.020324206, -0.017704656, -0.020849625, -0.011161457, -0.019275734, -0.0057214885
-0.025258642, -0.032935005, -0.035675965, 0.030055491, -0.025860982, -0.03056387, -0.01631411, -0.029248254, -0.008456199
-0.025079096, -0.03329376, -0.03634698, 0.029598583, -0.026254749, -0.03225919, -0.017338987, -0.030106463, -0.008646391
-0.02382805, -0.031163108, -0.033713665, 0.028303012, -0.024209289, -0.028858766, -0.015901003, -0.02534589, -0.008063224
-0.027207486, -0.035677765, -0.039011955, 0.031595264, -0.027727995, -0.03320966, -0.017202213, -0.032581113, -0.009107825
-0.027963705, -0.03688822, -0.038405932, 0.035092328, -0.031320266, -0.036974605, -0.01665053, -0.030813653, -0.009651118
-0.03656195, -0.047422368, -0.05034181, 0.041618083, -0.035840232, -0.04304241, -0.01920741, -0.039229237, -0.01257402
-0.026874363, -0.034376737, -0.039198957, 0.03203824, -0.027762588, -0.033009198, -0.016601732, -0.031001873, -0.009178339
-0.028667565, -0.038206108, -0.041641388, 0.03497333, -0.029622152, -0.035658795, -0.018555483, -0.03417523, -0.009721875
-0.029845221, -0.038548578, -0.04215794, 0.0359769, -0.030362552, -0.036321573, -0.01965462, -0.03363263, -0.010017142
-0.026325857, -0.034333445, -0.03697975, 0.03161796, -0.026798977, -0.03189517, -0.017102793, -0.02995737, -0.008800678
-0.029136965, -0.037889384, -0.042490155, 0.032203894, -0.031247819, -0.035601586, -0.01755038, -0.031642765, -0.009623422
-0.024401002, -0.031246373, -0.034859277, 0.029081536, -0.024888972, -0.029631434, -0.015986295, -0.02732943, -0.008236589
-0.029834641, -0.038524654, -0.043736674, 0.033884715, -0.030620208, -0.036830198, -0.018482253, -0.0353611, -0.010208817
-0.021128835, -0.026029868, -0.028591981, 0.024047974, -0.020728087, -0.024655528, -0.011948498, -0.023011751, -0.0069266222
-0.031415522, -0.04139376, -0.0451676, 0.036845822, -0.03092933, -0.038168285, -0.018592313, -0.035583813, -0.010629341
-0.027473351, -0.035713997, -0.039998066, 0.032640792, -0.027701179, -0.03165652, -0.01726717, -0.032147635, -0.009242646
-0.02240117, -0.029716466, -0.03173271, 0.026149258, -0.022727247, -0.027007952, -0.012414636, -0.024702728, -0.007614206
-0.027689217, -0.035492353, -0.04076199, 0.032433484, -0.026115105, -0.033652987, -0.017122151, -0.028851245, -0.009260534
-0.027688688, -0.0329603, -0.04065944, 0.032527503, -0.028550884, -0.03389656, -0.01762536, -0.031067776, -0.0092890905
-0.025751734, -0.033157673, -0.03571951, 0.030422604, -0.025236307, -0.03131293, -0.018137632, -0.028585719, -0.008668884
-0.028303452, -0.036545493, -0.04064174, 0.032907438, -0.02938434, -0.034512065, -0.018452454, -0.030424982, -0.009486933
-0.026172161, -0.033667207, -0.036843132, 0.0295443, -0.02746106, -0.03194917, -0.016600301, -0.030254614, -0.00816313
-0.023399936, -0.030524354, -0.03337591, 0.027306536, -0.024257127, -0.02842946, -0.015294408, -0.02509005, -0.007850537
-0.031108025, -0.03742979, -0.040683776, 0.03344765, -0.028972395, -0.033275295, -0.017965985, -0.032420747, -0.009638632
-0.03387207, -0.044215877, -0.047081035, 0.040308468, -0.033418592, -0.04114783, -0.02131368, -0.039486263, -0.011064614
-0.035788402, -0.04672523, -0.051134605, 0.040663272, -0.037432007, -0.04352537, -0.024137782, -0.038934898, -0.0120238
-0.029932383, -0.037876807, -0.044435006, 0.035460424, -0.028467609, -0.03464328, -0.020789305, -0.03172202, -0.009239999
-0.029572029, -0.039081734, -0.042643715, 0.034555178, -0.030392978, -0.03612963, -0.017487079, -0.0341312, -0.010093292
-0.030191796, -0.03779815, -0.0379379, 0.038529236, -0.028905787, -0.03577986, -0.018052591, -0.03187346, -0.010267216
-0.032409146, -0.043139074, -0.04810107, 0.034282375, -0.033510093, -0.040308945, -0.020098703, -0.038067378, -0.010704214
-0.0258644, -0.033775546, -0.03698328, 0.0307654, -0.02442886, -0.031463638, -0.016079642, -0.029775724, -0.008614731
-0.029134033, -0.038338516, -0.04007991, 0.035076246, -0.030213514, -0.035596605, -0.017904423, -0.034059733, -0.009821031
-0.032700066, -0.042602368, -0.046507247, 0.039000526, -0.030506315, -0.039762676, -0.01994649, -0.037415553, -0.010895578
-0.02885119, -0.037691787, -0.04124487, 0.034321804, -0.030109769, -0.03303543, -0.017606528, -0.032685187, -0.010094936
-0.030716838, -0.040103745, -0.043825798, 0.037053738, -0.029529713, -0.037160933, -0.01970914, -0.03457758, -0.010334158
-0.0234135, -0.030655107, -0.032762133, 0.027456898, -0.021937456, -0.028465526, -0.015531862, -0.027158571, -0.007614011
-0.030620895, -0.04007456, -0.043849673, 0.036323678, -0.03123922, -0.03717558, -0.018391423, -0.03344642, -0.010343721
-0.03228265, -0.04237504, -0.045651045, 0.038353465, -0.03280279, -0.03932107, -0.020841429, -0.037175734, -0.010821705
-0.02995918, -0.039163083, -0.042782452, 0.034943085, -0.029922457, -0.036221206, -0.017520655, -0.033867132, -0.010134468
-0.025709674, -0.03433887, -0.0374937, 0.031037388, -0.02663518, -0.031399228, -0.016607825, -0.030136477, -0.00876844
-0.0329112, -0.042882293, -0.047536653, 0.03885653, -0.033638738, -0.040228058, -0.02037999, -0.03902274, -0.01114168
-0.03167096, -0.041946515, -0.045962952, 0.037797518, -0.032743424, -0.03827888, -0.019579155, -0.03649412, -0.010761175
-0.023037689, -0.030093137, -0.03281728, 0.027211225, -0.023438878, -0.028010014, -0.014230107, -0.027048906, -0.007819624
-0.037003033, -0.04864114, -0.053063113, 0.04472836, -0.037899137, -0.045104828, -0.023174843, -0.040231884, -0.012519453
-0.025681956, -0.03361633, -0.03677478, 0.03031703, -0.02559349, -0.031160327, -0.015550966, -0.029385839, -0.008684042
-0.033876505, -0.04486394, -0.049079195, 0.041163392, -0.034150474, -0.041558743, -0.021423966, -0.03764529, -0.011564895
-0.038375374, -0.050117087, -0.054606464, 0.045742285, -0.039293673, -0.046523143, -0.024044255, -0.039875787, -0.013202564
-0.023602434, -0.031203238, -0.033645667, 0.027913444, -0.023921667, -0.028746067, -0.014031383, -0.026721107, -0.008086959
-0.03097778, -0.040670272, -0.04363905, 0.033443432, -0.03166832, -0.037629656, -0.02232241, -0.033047173, -0.010615108
-0.026336662, -0.033388183, -0.03785043, 0.03203733, -0.027469534, -0.032380443, -0.01704181, -0.031009914, -0.008887362
-0.027088983, -0.036204696, -0.03563496, 0.03194044, -0.028554099, -0.033131182, -0.017395271, -0.030425245, -0.009322497
-0.029647352, -0.038925562, -0.042326152, 0.032515865, -0.030449226, -0.03617219, -0.018196203, -0.035060573, -0.010027684
-0.023285469, -0.030773746, -0.03335941, 0.027790038, -0.024026526, -0.02861865, -0.01453808, -0.027058283, -0.007808938
-0.037739646, -0.049243923, -0.052298672, 0.044710312, -0.03885896, -0.04602767, -0.023602437, -0.04477671, -0.012712979
-0.024569595, -0.032105837, -0.035116415, 0.029377567, -0.024587221, -0.030064834, -0.015328099, -0.028373174, -0.008220131
-0.032189284, -0.04193876, -0.04564642, 0.038429264, -0.03348785, -0.039514925, -0.019867485, -0.03806172, -0.010887469
-0.026134154, -0.034445472, -0.03786914, 0.031277265, -0.0269993, -0.032239556, -0.01608385, -0.030728377, -0.008656557
-0.022934226, -0.032347854, -0.035279438, 0.028630974, -0.024892066, -0.029772991, -0.014890187, -0.028425897, -0.008233854
-0.025406089, -0.033428766, -0.0365796, 0.030483479, -0.025693495, -0.031063756, -0.016642053, -0.02989625, -0.008528061
-0.03061626, -0.04042616, -0.043921974, 0.03745904, -0.031226866, -0.038047682, -0.019296627, -0.036376502, -0.010340056
-0.0242674, -0.031899493, -0.034593727, 0.028458182, -0.024815865, -0.029479202, -0.0141886305, -0.027555773, -0.008207083
-0.025289204, -0.033339024, -0.035263304, 0.030564846, -0.026238894, -0.031086063, -0.015626857, -0.029889334, -0.008542541
-0.023681303, -0.03117196, -0.034105867, 0.028291406, -0.024143869, -0.028626382, -0.015057783, -0.028025394, -0.0079840105
-0.024112219, -0.031610023, -0.033147596, 0.028485477, -0.02475807, -0.028759375, -0.01589172, -0.027485766, -0.008087507
-0.031327415, -0.041375723, -0.04503926, 0.03823105, -0.032292318, -0.03857252, -0.018567562, -0.037859175, -0.010773927
-0.029074345, -0.037883695, -0.03967411, 0.034636598, -0.02955304, -0.036263276, -0.018547233, -0.03352197, -0.009813517
-0.032022715, -0.04126793, -0.04568095, 0.038003717, -0.032826405, -0.03903689, -0.020754652, -0.03676866, -0.010635022
-0.02601553, -0.034486808, -0.037921213, 0.031134348, -0.027604299, -0.032503936, -0.017175326, -0.031894334, -0.008943999
-0.033010557, -0.04326266, -0.046659242, 0.0403363, -0.034018457, -0.040829845, -0.023136854, -0.03935999, -0.01129423
-0.01908511, -0.02498715, -0.02742308, 0.022624163, -0.019471731, -0.022512889, -0.0120862, -0.021823663, -0.006435189
-0.025888277, -0.03393579, -0.036744386, 0.030583918, -0.02654369, -0.031550135, -0.016570354, -0.029508175, -0.008410284
-0.034200132, -0.044764616, -0.048288655, 0.040379874, -0.034876928, -0.041290544, -0.020379666, -0.039803863, -0.011471318
-0.023423944, -0.030628249, -0.033446465, 0.027802207, -0.024016067, -0.028481744, -0.015322687, -0.025487822, -0.007881955
-0.02886633, -0.0363345, -0.041136414, 0.034385297, -0.02989913, -0.035087287, -0.018230937, -0.03286214, -0.009618217
-0.03349099, -0.04402472, -0.046737734, 0.041648302, -0.034713626, -0.040639445, -0.02173536, -0.03465424, -0.010735861
-0.03476814, -0.04468268, -0.046895713, 0.04169917, -0.037063815, -0.04242486, -0.02277924, -0.038544964, -0.011706534
-0.021634294, -0.028323846, -0.030985104, 0.026873931, -0.021839282, -0.026400816, -0.013738807, -0.020337515, -0.0069276914
-0.03191085, -0.04140999, -0.04569502, 0.037387684, -0.03242921, -0.038536936, -0.01862045, -0.03562995, -0.010662984
-0.030068586, -0.040071227, -0.043667674, 0.038062613, -0.028591404, -0.03673971, -0.017944377, -0.034131758, -0.010293266
-0.031664677, -0.04144575, -0.045416247, 0.03508037, -0.032089565, -0.038534172, -0.021009296, -0.033802252, -0.010507352
-0.034013953, -0.04432114, -0.04777456, 0.03890115, -0.03499816, -0.04105745, -0.021162447, -0.037522778, -0.01146046
-0.029946787, -0.042534176, -0.040254265, 0.035021786, -0.029359523, -0.037195373, -0.016634732, -0.032530833, -0.01039718
-0.026789777, -0.0355619, -0.038767785, 0.032001577, -0.02761721, -0.032708596, -0.016134791, -0.031377707, -0.009125099
-0.028170181, -0.037741162, -0.042529345, 0.03376628, -0.02946771, -0.034960642, -0.016741237, -0.0321764, -0.009869673
-0.026116889, -0.033056773, -0.035570372, 0.028502963, -0.025300238, -0.03006688, -0.012299203, -0.027256861, -0.008477255
-0.03369995, -0.04417847, -0.045969658, 0.038668763, -0.033218935, -0.040073358, -0.019398537, -0.036759634, -0.011296128
-0.02055464, -0.028061703, -0.03085233, 0.024929797, -0.020682968, -0.025518084, -0.012378518, -0.02355629, -0.007147947
-0.024326408, -0.03170821, -0.036381003, 0.02843796, -0.02470415, -0.029564314, -0.014220048, -0.026713498, -0.008295384
-0.024928153, -0.033465765, -0.036734365, 0.02953793, -0.025324376, -0.030339908, -0.016029583, -0.027161362, -0.008693925
-0.024042843, -0.031485952, -0.034678362, 0.027759774, -0.024352727, -0.029015923, -0.0139817875, -0.025955288, -0.008151791
-0.025360646, -0.035684124, -0.042314917, 0.03141395, -0.029245164, -0.03202165, -0.016978564, -0.031001242, -0.009168925
-0.028296497, -0.035343263, -0.041792613, 0.03294692, -0.02931754, -0.0347716, -0.013753574, -0.031826217, -0.009164434
-0.027829848, -0.039291177, -0.043342896, 0.03493576, -0.030103374, -0.036476735, -0.018301258, -0.033011116, -0.010213776
-0.029144295, -0.03809268, -0.041779228, 0.034169964, -0.03003432, -0.03513433, -0.017306343, -0.032394994, -0.009278688
-0.035161156, -0.047385976, -0.04957733, 0.039589282, -0.036056172, -0.04263163, -0.02029408, -0.037225854, -0.012386664
-0.024240166, -0.033181258, -0.036102984, 0.029457042, -0.025441723, -0.030053996, -0.014299345, -0.027927782, -0.008436255
-0.02810119, -0.036547106, -0.041687615, 0.033058222, -0.028761612, -0.034244303, -0.016397608, -0.030965906, -0.00964688
-0.02917833, -0.0389887, -0.043011837, 0.034714375, -0.029500963, -0.036130812, -0.016665388, -0.033390235, -0.010107387
-0.029743467, -0.03990922, -0.044984665, 0.035920225, -0.030005585, -0.03719862, -0.01816875, -0.034098662, -0.010325912
-0.025367664, -0.032854494, -0.035938725, 0.029663522, -0.025210842, -0.029350432, -0.0143557675, -0.027483003, -0.008347694
-0.029040061, -0.04178021, -0.04605294, 0.03677403, -0.031691477, -0.03822432, -0.018695164, -0.03472964, -0.010734364
-0.027013948, -0.03927068, -0.04378064, 0.033884723, -0.028711222, -0.034424014, -0.016080434, -0.032854315, -0.010223294
-0.032463018, -0.04250751, -0.046316694, 0.037619527, -0.03162279, -0.038376678, -0.018843343, -0.03579961, -0.010935879
-0.028846301, -0.037701305, -0.0389669, 0.03352888, -0.029389443, -0.0347677, -0.01900199, -0.03197032, -0.009791642
-0.031235475, -0.040661037, -0.04513395, 0.03694251, -0.03190816, -0.037814856, -0.018619983, -0.034149542, -0.010379928
-0.027235651, -0.040003378, -0.038247816, 0.031416856, -0.028317254, -0.033186946, -0.016744709, -0.032653883, -0.009757981
-0.02259444, -0.035324942, -0.038669575, 0.031059034, -0.024479488, -0.03264932, -0.015765825, -0.029291827, -0.009044452
-0.030555274, -0.040424883, -0.047654014, 0.035804454, -0.030225847, -0.037539415, -0.018632501, -0.034845725, -0.010680716
-0.032895908, -0.042007, -0.04760734, 0.036449227, -0.032193463, -0.03543707, -0.017004846, -0.034608964, -0.010940285
-0.027117169, -0.0360895, -0.039396964, 0.030600911, -0.027379978, -0.032961603, -0.015354068, -0.030414134, -0.009242662
-0.027267601, -0.039182354, -0.039694663, 0.034066085, -0.029821165, -0.036291234, -0.01817993, -0.029535089, -0.0097119445
-0.026059669, -0.03572335, -0.034597613, 0.030643312, -0.02551887, -0.03184536, -0.016302738, -0.029733617, -0.008802325
-0.026897384, -0.035008598, -0.04029729, 0.032147698, -0.028050864, -0.033438742, -0.016420519, -0.030559577, -0.009482866
-0.025537834, -0.032530632, -0.03833966, 0.029999318, -0.026132246, -0.030968294, -0.01492612, -0.02859069, -0.008744721
-0.03144824, -0.04292516, -0.047580447, 0.038319487, -0.033427026, -0.039135125, -0.019278383, -0.036396336, -0.012808909
-0.026438197, -0.034537964, -0.037886936, 0.032334432, -0.022905968, -0.03213444, -0.016453456, -0.030626802, -0.008906157
-0.03278943, -0.044287372, -0.04856376, 0.03763684, -0.032231595, -0.034123972, -0.018115344, -0.032519225, -0.010903799
-0.032746546, -0.04082225, -0.051803336, 0.03812517, -0.034368765, -0.039160565, -0.01835331, -0.036782917, -0.011754248
-0.027153192, -0.03491721, -0.0356493, 0.03163383, -0.027300065, -0.032446995, -0.015400091, -0.030168118, -0.009122618
-0.02430827, -0.031418163, -0.036449235, 0.028541211, -0.024891563, -0.029628025, -0.014349452, -0.025516035, -0.0082444195
-0.022841394, -0.029937776, -0.032187723, 0.026170505, -0.024054544, -0.028524633, -0.013440073, -0.026295397, -0.007695158
-0.022136945, -0.02846946, -0.032110415, 0.02558295, -0.022605477, -0.026812423, -0.013000083, -0.02452338, -0.0075084534
-0.026185902, -0.035514157, -0.03564767, 0.03037912, -0.02787765, -0.03192691, -0.014295587, -0.02550181, -0.008766624
-0.025513321, -0.03453043, -0.030977044, 0.029709322, -0.027113644, -0.03095268, -0.016325353, -0.02892161, -0.008659317
-0.02559702, -0.030083528, -0.03003396, 0.027515039, -0.024705889, -0.028901251, -0.014399717, -0.026135499, -0.006606755
-0.031037683, -0.041663595, -0.045957908, 0.03274796, -0.03236293, -0.038178787, -0.017699277, -0.03169041, -0.010638882
-0.032624338, -0.0391239, -0.040767707, 0.03496958, -0.031037588, -0.03735314, -0.017505992, -0.033182457, -0.010361263
-0.031129304, -0.040878948, -0.04390054, 0.03673245, -0.0316369, -0.037710417, -0.018681528, -0.036400292, -0.010471614
-0.023481749, -0.03069266, -0.033515546, 0.027301235, -0.023851857, -0.028371662, -0.013703303, -0.026366847, -0.007952136
-0.025212072, -0.032793794, -0.036053024, 0.03026511, -0.025996156, -0.030163404, -0.015984885, -0.02906377, -0.008316693
-0.027389575, -0.03168847, -0.037365917, 0.033323377, -0.028106427, -0.03366067, -0.01740454, -0.031352773, -0.009101104
-0.024789281, -0.033189386, -0.034271277, 0.030463457, -0.026230045, -0.031040566, -0.01584305, -0.030183736, -0.00808949
-0.0264867, -0.03521253, -0.038491074, 0.032174326, -0.02749212, -0.032726657, -0.017102921, -0.030698607, -0.00882067
-0.019819507, -0.026392473, -0.028928488, 0.024025869, -0.020932805, -0.02460571, -0.012365356, -0.023032604, -0.006496405
-0.035702225, -0.04633197, -0.050560575, 0.042259514, -0.034670796, -0.043368876, -0.022507027, -0.041740734, -0.011929729
-0.028070083, -0.036669742, -0.040112827, 0.031666778, -0.029064449, -0.03413191, -0.017811488, -0.032429993, -0.009398507
-0.028918544, -0.038041223, -0.04188677, 0.035189062, -0.03017678, -0.035621826, -0.018701881, -0.03242695, -0.009704568
-0.027961297, -0.03585379, -0.038847346, 0.032429595, -0.031184644, -0.03349442, -0.01736327, -0.030559402, -0.009346734
-0.02988964, -0.039760996, -0.043299936, 0.03549916, -0.03080318, -0.03679484, -0.017363135, -0.03516843, -0.010222699
-0.029710762, -0.038255688, -0.04219227, 0.03424896, -0.032164805, -0.036065955, -0.018698214, -0.033585988, -0.009963352
-0.02783805, -0.036242887, -0.039648004, 0.034098662, -0.027923388, -0.03325022, -0.01751804, -0.030893223, -0.0090559935
-0.028163373, -0.03670077, -0.039873406, 0.032341722, -0.028916521, -0.0341947, -0.017875021, -0.03231218, -0.009275466
-0.0291681, -0.037753575, -0.041632764, 0.034923743, -0.03062456, -0.03448952, -0.018543225, -0.03218135, -0.0096315835
-0.028519016, -0.03714892, -0.040671933, 0.03507744, -0.028694415, -0.03459928, -0.01773744, -0.030913716, -0.009525355
-0.028831674, -0.03759804, -0.041977435, 0.03409774, -0.029877234, -0.034737345, -0.018321041, -0.027537115, -0.009622581
-0.029003086, -0.041249096, -0.046675526, 0.038706467, -0.0332571, -0.038960174, -0.021103747, -0.037402596, -0.010525055
-0.026118344, -0.0304402, -0.03747037, 0.027414186, -0.026658153, -0.032112233, -0.01598726, -0.029952344, -0.008584473
-0.03017985, -0.039280865, -0.041970603, 0.03600006, -0.031037105, -0.03660564, -0.018438833, -0.034489255, -0.010113247
-0.03454984, -0.045028403, -0.049272772, 0.04118394, -0.033759974, -0.041518774, -0.021951778, -0.03947869, -0.011440948
-0.03192448, -0.041807715, -0.04564902, 0.0367993, -0.032686166, -0.038905773, -0.018946726, -0.036612194, -0.010831405
-0.028612796, -0.037293054, -0.0410509, 0.035312016, -0.028960673, -0.03459545, -0.018389117, -0.032507394, -0.009589388
-0.022689804, -0.030023767, -0.0326663, 0.027369296, -0.023530189, -0.028015021, -0.014610689, -0.026489645, -0.0075492747
-0.037872203, -0.0400501, -0.043306094, 0.036202304, -0.032521967, -0.037792407, -0.023207221, -0.03524758, -0.01132776
-0.024109427, -0.030188682, -0.034272317, 0.027254846, -0.023015892, -0.032265905, -0.015093815, -0.024621448, -0.0075998837
-0.034081385, -0.044326257, -0.048679724, 0.04104319, -0.03468783, -0.04138323, -0.02126728, -0.036499288, -0.011370121
-0.024809327, -0.03233272, -0.035418455, 0.029394899, -0.02558037, -0.02926286, -0.015702514, -0.02836456, -0.008145616
-0.026265211, -0.03422877, -0.0374672, 0.03147972, -0.02567648, -0.031892046, -0.016600698, -0.029598879, -0.008748724
-0.025404736, -0.033091657, -0.03626302, 0.030127997, -0.025430819, -0.030830447, -0.016020559, -0.029455967, -0.00852183
-0.033482276, -0.04366399, -0.04758971, 0.0382861, -0.03414869, -0.04073151, -0.020996995, -0.03901187, -0.011201512
-0.02445958, -0.031783182, -0.034856997, 0.028698556, -0.024818843, -0.02972288, -0.015555793, -0.02836443, -0.008120378
-0.0301551, -0.041458856, -0.042053733, 0.037175704, -0.030675407, -0.03844183, -0.018468725, -0.034423724, -0.009032751
-0.03291704, -0.042856645, -0.046931848, 0.03923179, -0.03383641, -0.040235806, -0.021070728, -0.038273405, -0.010986363
-0.024029054, -0.031252634, -0.03410198, 0.02836028, -0.024867572, -0.029268049, -0.015376412, -0.02810903, -0.008001541
-0.028879654, -0.03758519, -0.041235015, 0.03358197, -0.029527279, -0.035137784, -0.019591909, -0.032563154, -0.009614493
-0.024038058, -0.031301685, -0.03417014, 0.028668514, -0.024638822, -0.029321648, -0.015147825, -0.027551778, -0.0079318
-0.022182412, -0.028841158, -0.03159342, 0.026421443, -0.022596508, -0.026177628, -0.013988698, -0.025678644, -0.00732692
-0.02925053, -0.039069194, -0.042568684, 0.03573099, -0.03098625, -0.036534116, -0.018557608, -0.034276478, -0.009990226
-0.030180754, -0.039363224, -0.042539712, 0.035466168, -0.0304412, -0.03657796, -0.019371454, -0.03571903, -0.01008239
-0.030207664, -0.0388435, -0.042257547, 0.036953636, -0.03083532, -0.036706198, -0.018813351, -0.034585513, -0.01010862
-0.026281795, -0.03330834, -0.039236896, 0.030862583, -0.026377013, -0.0318277, -0.015290781, -0.029341482, -0.008890964
-0.026135521, -0.032582697, -0.03272298, 0.02959357, -0.027086178, -0.03505401, -0.01580928, -0.028788783, -0.00898409
-0.03722042, -0.0479649, -0.05399719, 0.044292238, -0.037369423, -0.045264974, -0.021773467, -0.042365346, -0.012403565
-0.032493085, -0.050332375, -0.056298215, 0.040793035, -0.03857379, -0.045295313, -0.021219287, -0.038006704, -0.012657585
-0.026256753, -0.030995373, -0.03198042, 0.028424466, -0.026248313, -0.028487066, -0.015038936, -0.026988594, -0.008710277
-0.028004173, -0.03803519, -0.038636956, 0.033164106, -0.029341456, -0.037223138, -0.019451331, -0.030798366, -0.012071457
-0.03066628, -0.040564872, -0.039759815, 0.032058943, -0.031499818, -0.036578383, -0.016649883, -0.033282492, -0.010381733
-0.030501897, -0.039922472, -0.0436111, 0.036033485, -0.031033415, -0.036694285, -0.01774359, -0.034429356, -0.010333283
-0.03170645, -0.042902548, -0.045751777, 0.03779263, -0.03296225, -0.039041393, -0.018700318, -0.035903547, -0.010949838
-0.030390266, -0.039365806, -0.041458074, 0.034468472, -0.029097954, -0.03730107, -0.018920846, -0.03604976, -0.009639464
-0.02969705, -0.037420414, -0.042908225, 0.033173766, -0.029405745, -0.036069077, -0.019109825, -0.035137784, -0.009956993
-0.026346147, -0.03237572, -0.037334114, 0.030499643, -0.025378158, -0.031346403, -0.015260438, -0.029618636, -0.008792468
-0.029872695, -0.04042491, -0.04717642, 0.036962513, -0.033327695, -0.038860034, -0.019754095, -0.036399726, -0.010834562
-0.019805035, -0.026694471, -0.029411897, 0.023674712, -0.02063492, -0.024598055, -0.011763835, -0.022569394, -0.0069238534
-0.029676044, -0.038697906, -0.042340457, 0.032090712, -0.03217977, -0.03610278, -0.018012643, -0.031373844, -0.009956726
-0.026664155, -0.034346364, -0.03711068, 0.029279755, -0.030052343, -0.032513984, -0.016587378, -0.029536907, -0.008817822
-0.030081283, -0.039125755, -0.042942476, 0.03646287, -0.030769298, -0.038992237, -0.021994503, -0.03074222, -0.010247281
-0.025825761, -0.034036223, -0.03712497, 0.028108245, -0.026947606, -0.031992637, -0.015866058, -0.030436317, -0.00857543
-0.021508262, -0.02803273, -0.03137178, 0.026525883, -0.020928608, -0.02688152, -0.01429881, -0.026335455, -0.0074156825
-0.021946898, -0.029684227, -0.03251606, 0.027042225, -0.022748863, -0.027664999, -0.014312422, -0.026157718, -0.0075285663
-0.021647768, -0.03067332, -0.032987177, 0.028644236, -0.023304157, -0.02683543, -0.013341433, -0.029147249, -0.007484512
-0.026743531, -0.034621418, -0.037109483, 0.034263007, -0.027586702, -0.03260203, -0.017252285, -0.029489724, -0.0055935225
-0.031113433, -0.04041562, -0.044136737, 0.037339948, -0.032371957, -0.037517432, -0.019493919, -0.030204741, -0.01039534
-0.026144711, -0.033091284, -0.038152944, 0.026705425, -0.026295835, -0.032166883, -0.015716858, -0.031601842, -0.008474039
-0.032793023, -0.043697, -0.047436927, 0.0388097, -0.033946287, -0.04046572, -0.019585667, -0.03795139, -0.01126832
-0.027087344, -0.03514079, -0.03909161, 0.030944815, -0.026650855, -0.03482985, -0.021773662, -0.028140172, -0.009700676
-0.023548875, -0.03084745, -0.03409192, 0.024864888, -0.023441188, -0.028718753, -0.0145058, -0.027650494, -0.007883108
-0.019985573, -0.02944143, -0.032497995, 0.026729602, -0.023081224, -0.027436579, -0.0140153, -0.025609126, -0.007561357
-0.022167962, -0.028991107, -0.031852946, 0.026440255, -0.02250928, -0.024763275, -0.013574758, -0.025262425, -0.0074225394
-0.024198154, -0.03124466, -0.03346678, 0.024329048, -0.026546469, -0.02976104, -0.014980897, -0.027082272, -0.007731957
-0.026703406, -0.040368132, -0.044406697, 0.037234847, -0.031810135, -0.037948497, -0.01912104, -0.035240408, -0.010679861
-0.027117295, -0.035439115, -0.039114945, 0.028587444, -0.023544233, -0.03285548, -0.017326495, -0.032186538, -0.009030039
-0.0325284, -0.042815134, -0.047119554, 0.03774972, -0.032314867, -0.03944468, -0.01973013, -0.035634723, -0.011005774
-0.023405278, -0.030738834, -0.03350255, 0.026357472, -0.02431747, -0.028558467, -0.014675393, -0.02508271, -0.0078576505
-0.023660673, -0.030861992, -0.03163112, 0.028372385, -0.024302144, -0.028761528, -0.01495043, -0.027531661, -0.00797131
-0.030695463, -0.040474493, -0.04446766, 0.036881387, -0.03155193, -0.037545484, -0.018804135, -0.03371335, -0.010410584
-0.0322564, -0.042254906, -0.04596825, 0.03786098, -0.033104092, -0.037364274, -0.020439442, -0.03683289, -0.011184974
-0.0274348, -0.03654645, -0.03675294, 0.032356586, -0.027441738, -0.03332285, -0.017450197, -0.031919874, -0.009261478
-0.025426695, -0.033427473, -0.030553686, 0.029851677, -0.026357375, -0.030922292, -0.016145969, -0.03029319, -0.008547693
-0.016120786, -0.02249592, -0.022557972, 0.019385729, -0.016920917, -0.020066418, -0.010033294, -0.018532291, -0.0055779656
-0.0242101, -0.03185117, -0.033904474, 0.02841165, -0.024622744, -0.029299723, -0.01422116, -0.027413107, -0.008194272
-0.03691803, -0.045403924, -0.053296424, 0.042727903, -0.037342288, -0.04441375, -0.021593962, -0.040727448, -0.012453994
-0.030343896, -0.039716598, -0.04206643, 0.035688322, -0.030904774, -0.036682084, -0.017866923, -0.03412824, -0.010269037
-0.026729569, -0.0351838, -0.037768036, 0.031519398, -0.027132098, -0.032396253, -0.015613073, -0.030019337, -0.008906833
-0.030263467, -0.039582305, -0.04311026, 0.035787344, -0.03092033, -0.036683388, -0.01857512, -0.032766636, -0.010212344
-0.028018408, -0.037326287, -0.038738392, 0.034065887, -0.029398771, -0.034698807, -0.017719056, -0.033239294, -0.009692809
-0.03235468, -0.04221065, -0.046210255, 0.03793581, -0.032921836, -0.038697276, -0.019007558, -0.03700132, -0.010960038
-0.029241836, -0.041410495, -0.045066446, 0.03674201, -0.030952957, -0.038198538, -0.019291941, -0.034934144, -0.010603253
-0.02872944, -0.038123336, -0.0417015, 0.03403805, -0.029631821, -0.03529606, -0.016967565, -0.033155747, -0.009834733
-0.034608625, -0.044858348, -0.048194986, 0.041473113, -0.034929413, -0.04171469, -0.021127043, -0.038538255, -0.011534624
-0.035788454, -0.045426164, -0.05110755, 0.041189678, -0.03653465, -0.0433068, -0.021167547, -0.04052208, -0.012042969
-0.033206005, -0.04239268, -0.04964517, 0.041540302, -0.033982944, -0.04063592, -0.020835074, -0.036841314, -0.011219371
-0.024256142, -0.031854153, -0.031857386, 0.028798357, -0.024577267, -0.029724076, -0.0144100925, -0.027366193, -0.008148278
-0.02949044, -0.0383601, -0.040310133, 0.035121366, -0.030249976, -0.03593751, -0.018851751, -0.033981454, -0.009924338
-0.031306107, -0.039530523, -0.044448815, 0.0369558, -0.03208078, -0.037881605, -0.01858648, -0.035145655, -0.010510549
-0.030802552, -0.03966347, -0.044218548, 0.03645889, -0.031581808, -0.037334505, -0.018188797, -0.03396342, -0.010412322
-0.026464885, -0.033404645, -0.03875657, 0.03166176, -0.027279368, -0.03263189, -0.016417712, -0.029995617, -0.009075828
-0.027917093, -0.04015084, -0.046756014, 0.03588328, -0.032304626, -0.03826522, -0.017486218, -0.037399434, -0.010527816
-0.027303757, -0.035854347, -0.0383388, 0.032050602, -0.02785073, -0.033000547, -0.01599159, -0.030427726, -0.009234704
-0.03055501, -0.03819523, -0.039945215, 0.033019066, -0.030325148, -0.036837842, -0.017991468, -0.033517953, -0.010097838
-0.02789246, -0.03566685, -0.04031906, 0.03484422, -0.02814181, -0.03319605, -0.020955255, -0.03124795, -0.009466414
-0.03161693, -0.041323125, -0.04519849, 0.036830667, -0.032233123, -0.037759736, -0.018524185, -0.035742745, -0.010690599
-0.034959476, -0.045037497, -0.04990494, 0.040391363, -0.035149388, -0.042226695, -0.020475503, -0.040199734, -0.011805102
-0.023900269, -0.03281577, -0.033952635, 0.029137673, -0.02643741, -0.029947627, -0.012091223, -0.027535427, -0.007273761
-0.026761265, -0.034876794, -0.04163775, 0.032863908, -0.027890246, -0.032579362, -0.01645433, -0.028935745, -0.009380862
-0.02813389, -0.036362536, -0.04077672, 0.034708526, -0.029060733, -0.030527808, -0.014983622, -0.032844007, -0.009393378
-0.019960407, -0.026298687, -0.028045397, 0.022774434, -0.020860441, -0.024184542, -0.013457697, -0.022913957, -0.006726923
-0.03188599, -0.041716482, -0.045683436, 0.037514113, -0.032072343, -0.03856006, -0.019157209, -0.03478925, -0.010743444
-0.027333876, -0.0357801, -0.039177276, 0.03250163, -0.027891923, -0.033239998, -0.016533084, -0.029714042, -0.009212092
-0.034669, -0.04445862, -0.04976198, 0.04030526, -0.0356249, -0.041971173, -0.02035327, -0.039257076, -0.0117478715
-0.032200836, -0.042274002, -0.04593042, 0.037832484, -0.031823825, -0.038854044, -0.018928912, -0.036241926, -0.010871827
-0.03319166, -0.043313272, -0.047328155, 0.03976901, -0.034094058, -0.04021354, -0.019671137, -0.036215622, -0.011231859
-0.029139355, -0.038147695, -0.041475207, 0.033661615, -0.029777916, -0.03495309, -0.01991676, -0.03178043, -0.009893393
-0.03120831, -0.040825646, -0.04459227, 0.037069436, -0.03183948, -0.037792448, -0.018756581, -0.033925004, -0.010538815
-0.023881087, -0.03627319, -0.034173418, 0.031208608, -0.027523363, -0.032217633, -0.016668798, -0.030604664, -0.008944515
-0.034573678, -0.045309123, -0.048343737, 0.04094794, -0.03524665, -0.04178422, -0.020558931, -0.038368016, -0.011714455
-0.025332082, -0.03543948, -0.03894441, 0.03208355, -0.026557686, -0.0325551, -0.016998038, -0.029292272, -0.0090742335
-0.025898503, -0.03317314, -0.036055755, 0.026726285, -0.025741952, -0.031444058, -0.017297847, -0.028728612, -0.008589288
-0.020818667, -0.027327223, -0.029723149, 0.02639931, -0.021728585, -0.025810014, -0.009621006, -0.025312157, -0.0071240235
-0.025693126, -0.034764193, -0.03975452, 0.030076457, -0.026127629, -0.031463955, -0.015981834, -0.030051183, -0.008914012
-0.019982101, -0.026771855, -0.0284234, 0.023059282, -0.020716147, -0.024480792, -0.012512282, -0.022485804, -0.006801897
-0.0249227, -0.03477021, -0.037903547, 0.03137862, -0.027647901, -0.032342743, -0.015726252, -0.029501587, -0.00881109
-0.031735234, -0.041524306, -0.045178108, 0.0374659, -0.03270746, -0.0383734, -0.01852157, -0.03564528, -0.010588867
-0.034246158, -0.04520188, -0.049307697, 0.03993457, -0.035156824, -0.04176396, -0.02022713, -0.03871494, -0.011679574
-0.033824336, -0.044266373, -0.048350926, 0.04006101, -0.034228317, -0.04097267, -0.020020185, -0.03706187, -0.01142184
-0.028308379, -0.037607554, -0.03842358, 0.033272978, -0.02941125, -0.034443464, -0.017003901, -0.031975236, -0.009453132
-0.024177784, -0.030345865, -0.033836987, 0.02834928, -0.024449233, -0.028717458, -0.01458459, -0.026264874, -0.008232101
-0.02402561, -0.03272744, -0.035665754, 0.028887324, -0.025213582, -0.028796803, -0.014036774, -0.028165644, -0.00807544
-0.030892497, -0.042949624, -0.047242567, 0.041150387, -0.033835143, -0.040400155, -0.020543756, -0.0375362, -0.011021407
-0.021933876, -0.0321188, -0.035351023, 0.028637784, -0.02467685, -0.028640943, -0.01364264, -0.02575251, -0.008221342
-0.02752726, -0.037743203, -0.036548916, 0.032734107, -0.028899256, -0.034326863, -0.016307844, -0.030421643, -0.009544021
-0.03124435, -0.038880304, -0.045268513, 0.036263056, -0.031681743, -0.03769565, -0.018301288, -0.03562837, -0.010545118
-0.029193267, -0.038229726, -0.041466113, 0.033617795, -0.029791376, -0.035286494, -0.01708086, -0.032868866, -0.009871847
-0.023062669, -0.030243821, -0.033105418, 0.027106125, -0.023290982, -0.027948616, -0.013714719, -0.025355848, -0.007765404
-0.0371883, -0.046812642, -0.053155314, 0.043177918, -0.03650094, -0.046018545, -0.022460127, -0.040854365, -0.012234706
-0.034662466, -0.044275157, -0.04695268, 0.03954964, -0.034574673, -0.04089011, -0.020017834, -0.03727717, -0.011474944
-0.03015978, -0.03796083, -0.04459906, 0.034125842, -0.03012517, -0.036977608, -0.018945126, -0.033866297, -0.010134419
-0.023559025, -0.030758241, -0.033742104, 0.027287373, -0.023486676, -0.028338246, -0.013671299, -0.026088377, -0.0073604546
-0.034783825, -0.045664366, -0.0483802, 0.039558653, -0.033833396, -0.040970106, -0.02014925, -0.03846865, -0.011101146
-0.029880395, -0.037557803, -0.04213738, 0.034999646, -0.03288733, -0.03672332, -0.017650524, -0.03402229, -0.010197512
-0.024333863, -0.03194649, -0.0351817, 0.026626958, -0.024634345, -0.029479358, -0.01441837, -0.027421925, -0.008063515
-0.02799146, -0.034405276, -0.037395153, 0.031029757, -0.024670977, -0.032035757, -0.015550293, -0.029632738, -0.009018447
-0.023606298, -0.031116009, -0.033739958, 0.027454771, -0.023866473, -0.028494837, -0.01382079, -0.025716616, -0.008052543
-0.033473697, -0.0449534, -0.04631085, 0.03836052, -0.034070868, -0.040267784, -0.018404055, -0.035708793, -0.011412264
-0.028985064, -0.038485095, -0.040512808, 0.033186767, -0.02835084, -0.034720898, -0.01662071, -0.03177303, -0.009773556
-0.030281276, -0.03857546, -0.047921933, 0.03627465, -0.03100831, -0.037087053, -0.01781559, -0.03378449, -0.010338634
-0.024667073, -0.031260833, -0.034158286, 0.02781749, -0.024116738, -0.028215734, -0.013660548, -0.02627987, -0.008064088
