0.03149659, 0.027030181, -0.0379633, -0.04018923, -0.027481861, 0.0009900812, -0.04312081, -0.020786049, 0.046240356
-0.032289423, -0.04218771, -0.046050843, 0.03812796, -0.0329721, -0.039227553, -0.019559456, -0.036467906, -0.010892324
-0.027906662, -0.036483597, -0.040350974, 0.031570625, -0.028757678, -0.03402885, -0.0172098, -0.031584408, -0.008787049
-0.030580856, -0.04011919, -0.043686777, 0.035448052, -0.030962227, -0.036807626, -0.016932126, -0.03354126, -0.010435331
-0.03456448, -0.045303676, -0.049364783, 0.0401717, -0.035012424, -0.041655492, -0.01928675, -0.038057998, -0.011768793
-0.026118021, -0.034161713, -0.03687759, 0.03060033, -0.026851298, -0.03149091, -0.015590829, -0.029294128, -0.008906808
-0.025393995, -0.035678938, -0.03544928, 0.030161874, -0.026913352, -0.034000028, -0.016111637, -0.033234715, -0.009022688
-0.028882138, -0.03742408, -0.04037281, 0.03314252, -0.030360304, -0.03470572, -0.017318709, -0.030966982, -0.009562046
-0.03370494, -0.04445089, -0.04931049, 0.03992774, -0.03489515, -0.041252162, -0.019978702, -0.038597375, -0.0112209385
-0.024610948, -0.033331305, -0.033699896, 0.029227952, -0.025136817, -0.02984941, -0.01426413, -0.02778454, -0.008374511
-0.03100376, -0.0407378, -0.044213463, 0.03629684, -0.031638317, -0.037702363, -0.018521495, -0.034632623, -0.010515354
-0.02636602, -0.034896236, -0.038100433, 0.030957937, -0.02674297, -0.031995546, -0.015513156, -0.029404726, -0.009022346
-0.030477181, -0.039775517, -0.043483734, 0.03583575, -0.03101542, -0.036940616, -0.018425249, -0.034269743, -0.010253896
-0.028608272, -0.03736796, -0.040724337, 0.033144105, -0.028856471, -0.034306556, -0.015769769, -0.031272743, -0.00971691
-0.032880776, -0.043199558, -0.047157455, 0.03914857, -0.033550467, -0.04001257, -0.01990211, -0.037366293, -0.011122574
