0.027270423, -0.0127649475, -0.02225175, -0.01915497, 0.029126095
-0.009904961, 0.019146288, -0.037182234, -0.02523172, 0.027309109
-0.009183092, 0.017498018, -0.034011144, -0.022623893, 0.02557139
-0.010105745, 0.017073162, -0.034479685, -0.023134094, 0.027371889
-0.01355605, 0.028175168, -0.05123815, -0.035553437, 0.037363112
-0.018774731, 0.039646693, -0.07196769, -0.049787883, 0.05101655
-0.011556608, 0.02360816, -0.044663507, -0.030101063, 0.03221637
-0.013123959, 0.027018813, -0.05149551, -0.034774017, 0.03695733
-0.013051772, 0.02566063, -0.048421938, -0.032702852, 0.034822185
-0.010757407, 0.022584883, -0.040682275, -0.027635086, 0.02966375
-0.016133176, 0.032601688, -0.06347626, -0.04259556, 0.04551789
-0.013555242, 0.028353399, -0.051564712, -0.034742024, 0.037428517
-0.008713122, 0.015654236, -0.028648164, -0.019816775, 0.023476144
-0.011887136, 0.024466109, -0.045064658, -0.031291895, 0.03274484
-0.013214561, 0.026973894, -0.050770156, -0.033503443, 0.036544748
-0.012963096, 0.026711365, -0.04876361, -0.03405311, 0.035682164
-0.011523398, 0.024140723, -0.045338865, -0.030911027, 0.03292205
-0.013065871, 0.027894497, -0.053193834, -0.03569413, 0.03833023
-0.013179883, 0.028821602, -0.05131979, -0.034909766, 0.037070874
-0.010247335, 0.02022041, -0.03818897, -0.025611196, 0.027319325
-0.015341528, 0.03111333, -0.060227074, -0.040357865, 0.043055512
-0.014995425, 0.02848165, -0.05286775, -0.036086775, 0.04112027
-0.015202309, 0.03129551, -0.057447992, -0.038722, 0.040961176
-0.012765621, 0.02389346, -0.044718742, -0.030200077, 0.034698293
-0.011240561, 0.023138968, -0.043196578, -0.028628608, 0.030897727
-0.013963849, 0.028404895, -0.055192266, -0.03691701, 0.039327387
-0.006470098, 0.013167398, -0.02448477, -0.016606528, 0.017717501
-0.018072205, 0.03824331, -0.070857555, -0.045542557, 0.05018293
-0.014241648, 0.028905425, -0.053924087, -0.03662438, 0.038381122
-0.012205001, 0.029238459, -0.05322561, -0.03588491, 0.03827914
-0.008887621, 0.017895194, -0.033080254, -0.022490848, 0.024326531
-0.011660195, 0.022137746, -0.04152078, -0.027870415, 0.029830381
-0.014027083, 0.029143272, -0.053706426, -0.036840957, 0.03832949
-0.01158636, 0.023672834, -0.043826815, -0.029658344, 0.0317034
-0.01224912, 0.026044594, -0.05313648, -0.03153971, 0.037150603
-0.016116224, 0.03360468, -0.061512373, -0.04108062, 0.04452082
-0.012415195, 0.026167255, -0.04719179, -0.031491194, 0.03434352
-0.013959902, 0.03006273, -0.054510225, -0.036799897, 0.038835786
-0.011069005, 0.023199104, -0.042570896, -0.029316768, 0.031194462
-0.008763878, 0.01795942, -0.03302886, -0.022726124, 0.02384012
-0.015392999, 0.032174442, -0.059274003, -0.039264552, 0.04274231
-0.014437815, 0.03090285, -0.056468207, -0.038199134, 0.04009446
-0.015499636, 0.033846807, -0.061064176, -0.041226972, 0.043664556
-0.016062874, 0.031736113, -0.060285922, -0.04040581, 0.042760517
-0.008008233, 0.016238712, -0.02923522, -0.021013353, 0.02244306
-0.015629603, 0.034004316, -0.060217075, -0.04006648, 0.04372895
-0.017073452, 0.030162314, -0.057249013, -0.038462076, 0.044021342
-0.008752749, 0.018880732, -0.03366163, -0.022612354, 0.024160191
-0.012650702, 0.02594993, -0.049053505, -0.033837173, 0.035142906
-0.012551147, 0.026904784, -0.048980862, -0.032586988, 0.035092495
-0.01250992, 0.02400872, -0.051969416, -0.031025952, 0.037219662
-0.011806261, 0.025691638, -0.046820197, -0.030918835, 0.033367507
-0.013136332, 0.027957909, -0.051549077, -0.033523366, 0.036907617
-0.013421789, 0.023817865, -0.044560265, -0.03044259, 0.034884464
-0.009215655, 0.020034181, -0.036019437, -0.024368705, 0.025763776
-0.014661912, 0.02848592, -0.053468645, -0.035889648, 0.040166702
-0.010776166, 0.020955207, -0.038889363, -0.026396235, 0.029674917
-0.01481998, 0.027469486, -0.055238564, -0.036012962, 0.040223114
-0.013152645, 0.02647538, -0.049431957, -0.033413358, 0.036079366
