0.049582217, -0.030501975, 0.005820413, 0.035646025, -0.041620452
0.030998396, -0.033281047, 0.05278062, -0.008559869, -0.054291114
0.022574076, -0.023910765, 0.03818166, -0.0051740534, -0.04078523
0.021839652, -0.022741456, 0.036608934, -0.007871651, -0.032702148
0.027794, -0.028665189, 0.046990298, 0.0006129325, -0.05297498
0.038303807, -0.03258656, 0.03964111, -0.024592156, -0.052252635
0.023800967, -0.024877802, 0.040435527, 0.0002615751, -0.04537713
0.027360925, -0.023317726, 0.039683875, 0.04362109, -0.08274105
0.020400964, -0.024195373, 0.03739195, -0.0032882157, -0.038895585
0.028696552, -0.028415525, 0.054925814, -0.007176867, -0.04128635
0.01607046, -0.019577092, 0.025258828, -0.004625584, -0.027576173
0.024314834, -0.023876948, 0.039607674, 0.0072724787, -0.051739573
0.021288743, -0.02344434, 0.033339817, -0.009755047, -0.03764386
0.021057298, -0.02380598, 0.036457613, -0.006730064, -0.03625636
0.027590686, -0.023042483, 0.034853306, -0.012378641, -0.039049923
