-0.021791782, -0.01765663, 0.026275981, -0.02886551, -0.03406803
0.022021715, -0.02405848, 0.0380063, -0.0032545056, -0.038684603
0.030874038, -0.032838292, 0.052332915, -0.008099833, -0.05344596
0.02745763, -0.029227868, 0.047928322, -0.0043616914, -0.048318136
0.022953672, -0.024635455, 0.038559273, -0.0027572212, -0.041405875
0.029931556, -0.033184372, 0.050934274, -0.0070554204, -0.053795975
0.026519889, -0.025805594, 0.04254234, 0.012398012, -0.060314506
0.03689074, -0.02463777, 0.035504647, -0.021723084, -0.04329633
0.036874995, -0.027559012, 0.060013525, 0.047990587, -0.10324197
0.027666857, -0.03003054, 0.047747653, -0.0035826087, -0.047711655
0.018714927, -0.01544726, 0.027920444, 0.024682257, -0.053239215
0.029251168, -0.032586258, 0.049613863, -0.004785879, -0.05343754
0.027533675, -0.030646311, 0.046142425, 0.0003488925, -0.053784195
0.020823179, -0.021672823, 0.035174653, -0.002374227, -0.03889274
0.03228858, -0.03365401, 0.052281532, -0.004370313, -0.053131156
0.032200065, -0.03372694, 0.054721963, -0.0054721106, -0.058431763
0.01910542, -0.019696709, 0.032332722, -0.0016253577, -0.03623341
0.020969873, -0.022617828, 0.036069617, -0.0018673774, -0.037832234
0.025743388, -0.028511252, 0.043744426, -0.0035420777, -0.045725413
0.027717676, -0.029014071, 0.047125705, -0.0034522093, -0.051009674
0.025150074, -0.02571148, 0.042593636, -0.0017715311, -0.047427244
0.03822861, -0.036772247, 0.067431085, -0.0053049256, -0.07212891
0.02228881, -0.02650141, 0.03810789, -0.0043134117, -0.039113447
