0.035456903, -0.021785382, 0.03904703, -0.010665341, 0.04458727
0.039621044, 0.012054171, 0.053941786, 0.020181425, 0.049894977
0.02608006, 0.00838702, 0.034653474, 0.0154382065, 0.033363752
0.027435973, 0.010449134, 0.037419412, 0.015516304, 0.030868033
0.022270564, 0.0038275493, 0.028343251, 0.013530397, 0.029336587
0.03699819, 0.012636524, 0.04316445, 0.021597546, 0.03041974
0.040843554, 0.0077888584, 0.051249538, 0.025033157, 0.05217048
0.030630413, -0.017633539, 0.025636861, 0.023655424, 0.051709384
0.035627138, 0.012917798, 0.04920605, 0.021402063, 0.04306171
0.032681677, 0.018035296, 0.04006097, 0.020258414, 0.041784823
0.024106992, 0.013634249, 0.034153517, 0.016047023, 0.031767197
0.030713089, -0.0010299736, 0.036318913, 0.019571459, 0.04299066
0.027175171, 0.011195991, 0.037894066, 0.015425269, 0.030391183
0.033632416, 0.013690869, 0.046689823, 0.019340735, 0.039430227
0.029370448, 0.010366161, 0.034892384, 0.017635252, 0.028668784
