0.035235602, -0.002444179, -0.051020827, 0.05079796, 0.012500775
0.01172951, 0.00077517144, -0.027964262, 0.05197563, -0.05100378
0.0105861705, 0.00079254986, -0.031486478, 0.058734354, -0.058357365
0.009468551, 0.0004149299, -0.022500604, 0.041895814, -0.042266052
0.009234154, 0.00011546308, -0.01587288, 0.039919283, -0.040125582
0.012886228, 0.00085588655, -0.032218494, 0.05572294, -0.05264996
0.013781567, -0.0023938816, -0.004297642, 0.046186823, -0.051039293
0.004796734, -0.00077115174, -0.015081976, 0.024663752, -0.02047289
0.023228975, -0.007638694, 0.019811174, 0.06585578, -0.074836284
0.012836842, 0.00081740844, -0.030825602, 0.05727011, -0.055373766
0.017291607, -0.0088857915, 0.015876597, 0.04383855, -0.05544178
0.014052155, 0.0009805532, -0.030390086, 0.057389118, -0.05820185
0.017654462, 0.0015985875, -0.02415604, 0.065005705, -0.06783084
0.00681821, -0.00020344695, -0.011973512, 0.02949506, -0.029612433
0.008854229, 0.000956992, -0.022415372, 0.045522645, -0.046358466
0.015083615, 0.0008605736, -0.038224343, 0.07818399, -0.07697775
0.014587523, 1.289837e-06, -0.029257355, 0.061868034, -0.060960587
0.011758961, 0.00069694524, -0.03151142, 0.062329337, -0.060227145
0.010249155, 0.0011969822, -0.022486817, 0.0444104, -0.043194707
0.013835295, 0.001026428, -0.032910638, 0.069263205, -0.06873027
0.013108738, -0.0011002236, -0.022799244, 0.05673819, -0.058485754
0.015806543, 0.005371011, -0.029905738, 0.060660966, -0.060999617
0.008706944, 0.002874851, -0.01692767, 0.03910233, -0.039012164
