-0.057760004, -0.001107966, -0.034623653, -0.0034668865, 0.04039703
0.040292744, 0.008851812, -0.047217555, 0.01258185, 0.033983372
0.03676811, 0.009414446, -0.043605976, 0.0116309, 0.032693945
0.025206115, 0.0061232443, -0.028593948, 0.011747123, 0.021202538
0.0428089, 0.014916644, -0.04858237, 0.012111883, 0.038413912
0.024623007, 0.008324636, -0.0430363, 0.011341443, 0.03247365
0.046751488, 0.01591059, -0.05435038, 0.013356021, 0.043172933
0.043515354, 0.042896777, -0.03493451, 0.0028796874, 0.050133154
0.028257342, 0.008981271, -0.032069, 0.007876161, 0.024397692
0.036103383, 0.011140146, -0.04750753, 0.013782975, 0.023881864
0.04266586, 0.0070070596, -0.0479812, 0.011688809, 0.035598658
0.055552132, 0.026642464, -0.05781311, 0.01334122, 0.05429165
0.029896935, 0.0058845286, -0.02955973, 0.008886746, 0.023761308
0.047223605, 0.010536102, -0.054009553, 0.014578264, 0.036867246
0.017804055, 0.0056537525, -0.028986715, 0.0077830497, 0.021351663
