0.041792, -0.0030403587, 0.048616525, 0.023472784, 0.015163824
0.045998685, -0.034558974, -0.039795097, -0.00363545, 0.026510863
0.056935232, -0.04206135, -0.047450177, -0.0039375667, 0.03134651
0.05660709, -0.041022677, -0.046330933, -0.0036091604, 0.03083517
0.043471266, -0.033280417, -0.03726747, -0.0037611274, 0.023054803
0.044482656, -0.04006375, -0.03986918, -0.0040022708, 0.025515309
0.05816536, -0.0369612, -0.046237934, -0.008091855, 0.01625584
0.031990495, -0.052849706, -0.041623, -0.0057472796, 0.031332713
0.07482327, -0.043158054, -0.05489429, -0.012982373, 0.006425513
0.038005088, -0.02924196, -0.033509526, -0.0019926266, 0.020920783
0.034333672, -0.018741025, -0.025706746, -0.006760617, -0.00010460807
0.047719948, -0.036964074, -0.042458538, -0.0043325434, 0.026851885
0.05814442, -0.039958727, -0.048348587, -0.005579719, 0.026250027
0.048355628, -0.032066043, -0.03958355, -0.0035097725, 0.025305463
0.050565448, -0.04176464, -0.050765544, -0.0042179516, 0.030487359
0.029302245, -0.022126678, -0.025702467, -0.0023808794, 0.015506577
0.046752416, -0.03307288, -0.039168403, -0.0033310738, 0.021763736
0.051142305, -0.035887055, -0.041409865, -0.0035670027, 0.02545798
0.03359649, -0.025916204, -0.02929816, -0.0023010587, 0.018806163
0.06147832, -0.042186692, -0.05276477, -0.004323938, 0.032152265
0.04027191, -0.028998116, -0.034907516, -0.0035912641, 0.019341214
0.029905615, -0.021397268, -0.025493868, -0.002733715, 0.014303442
0.06285529, -0.04072836, -0.05050912, -0.006212906, 0.03583559
