-0.026873186, -0.015816074, 0.040878467, -0.014422837, 0.014482105, -0.046316016, -0.020889007, -0.04318656, -0.03797311, -0.01604329
-0.032015607, 0.02584839, 0.049281098, -0.006999259, -0.013271819, 0.00039963136, -0.049341515, 0.0473077, 0.04122566, -0.0039756177
-0.03323441, 0.025984177, 0.051360015, -0.007213441, -0.01411402, 0.00039169771, -0.05113914, 0.048169695, 0.04102346, -0.0059992475
-0.039037127, 0.028692894, 0.0551453, -0.008181382, -0.015674263, 0.0006629328, -0.05404101, 0.05217485, 0.04456931, -0.0035457024
-0.029391719, 0.021901956, 0.04275008, -0.0062260404, -0.012004106, 0.00032732118, -0.04182855, 0.040606678, 0.03530261, -0.0021695269
-0.038339227, 0.030064747, 0.05788061, -0.008933357, -0.017269943, 0.00061582634, -0.05700468, 0.054411966, 0.047193605, -0.0021961716
-0.036637045, 0.027203817, 0.053869054, -0.008002348, -0.015040816, 0.0006118462, -0.052724853, 0.053007573, 0.044087823, -0.0034670818
-0.038201362, 0.029194249, 0.05503036, -0.008013627, -0.015026443, 0.0005511006, -0.054984808, 0.053641118, 0.046197917, -0.0034966476
-0.03913199, 0.028695194, 0.056021266, -0.0075924364, -0.014666682, 0.00055829907, -0.0543756, 0.051974468, 0.045495093, -0.0037435475
-0.029899912, 0.023388652, 0.045031313, -0.0069832783, -0.012901982, 0.00027640644, -0.04454117, 0.04288383, 0.037383586, -0.0023376753
-0.035320014, 0.02607775, 0.05021962, -0.007557421, -0.014493076, 0.0012002791, -0.04918729, 0.04854382, 0.041394446, -0.0004755539
-0.028107816, 0.021524722, 0.04167591, -0.006092833, -0.011667489, 0.00020531514, -0.041698687, 0.038798686, 0.034055457, -0.002460615
-0.028406048, 0.020122722, 0.04020004, -0.006081978, -0.011508896, 0.000732982, -0.037523676, 0.03933898, 0.033382513, -0.0016255656
-0.018841809, 0.015011225, 0.029018875, -0.004160923, -0.007882809, 0.00012386206, -0.02937404, 0.027227705, 0.022812372, -0.0025528294
-0.033653017, 0.025693981, 0.05104459, -0.007126461, -0.013938342, 0.0002932215, -0.04821775, 0.04703468, 0.040500514, -0.0032109916
-0.034686867, 0.026480366, 0.0509863, -0.007309504, -0.014632838, 0.0012937437, -0.051712442, 0.048577126, 0.04204932, -0.0030960613
-0.037757568, 0.02651243, 0.056210514, -0.008060774, -0.015855486, 0.0005368907, -0.05577555, 0.052945707, 0.045863822, -0.0036491996
-0.038922966, 0.02809553, 0.05789687, -0.008368976, -0.016270693, 0.00065421726, -0.057630885, 0.05493024, 0.047239132, -0.0037502726
-0.033378817, 0.025288124, 0.047966048, -0.0072609014, -0.013976087, 0.0004342401, -0.0473873, 0.045908332, 0.03934305, -0.0032003885
-0.039197743, 0.029062305, 0.055866558, -0.00874881, -0.016394775, 0.00069158874, -0.055636883, 0.051805742, 0.045531876, -0.0035950304
-0.030904032, 0.02317336, 0.04431431, -0.00643054, -0.01249151, 0.00033737047, -0.044312567, 0.041740645, 0.036312878, -0.002947016
-0.033477776, 0.02598068, 0.04990116, -0.0065008434, -0.014037512, 0.0004979574, -0.04939089, 0.04778714, 0.040294193, -0.0033628214
-0.034854345, 0.027298208, 0.05239047, -0.0075457077, -0.014672736, 0.00048472497, -0.052179094, 0.049523607, 0.04264496, -0.0036944605
-0.03110773, 0.025338352, 0.049084798, -0.0067714434, -0.012969333, 0.00033679017, -0.049332757, 0.04613849, 0.038692154, -0.004331911
-0.028373705, 0.02134862, 0.03717723, -0.0058216047, -0.011203157, 4.1833307e-05, -0.04202144, 0.038579717, 0.0340648, -0.0033308344
-0.035668656, 0.027355056, 0.05176585, -0.007595784, -0.012801002, 0.0020841032, -0.044144034, 0.0519782, 0.042876046, -0.002912557
-0.030031612, 0.02367955, 0.04560451, -0.0062758136, -0.012689148, 0.00044626312, -0.045352083, 0.043043964, 0.037200674, -0.0032303093
-0.027337374, 0.023366388, 0.045532394, -0.0059104995, -0.012386143, 0.00040389248, -0.044876736, 0.042580727, 0.036847185, -0.0034170286
-0.031071225, 0.026295265, 0.050714646, -0.0066847214, -0.013915202, 0.00043258595, -0.050465334, 0.047400653, 0.041282885, -0.0037246959
-0.034287788, 0.027216757, 0.05205042, -0.007289645, -0.014563711, 0.0005170296, -0.05251408, 0.04950438, 0.04273076, -0.0037889215
-0.0281147, 0.022187345, 0.042847764, -0.0058022668, -0.011896723, 0.00043350313, -0.042452183, 0.04024507, 0.034869086, -0.00300711
-0.030424627, 0.02501826, 0.04835881, -0.006497329, -0.013079331, 0.00037421408, -0.047981694, 0.045374483, 0.039132874, -0.0043150447
-0.033779953, 0.028913125, 0.055986293, -0.007429093, -0.0151855955, 0.00041778124, -0.05545626, 0.052468088, 0.045526564, -0.0042859064
-0.029060882, 0.025712932, 0.049496077, -0.0040323217, -0.01331874, 0.0001511518, -0.049847588, 0.045741946, 0.04089979, -0.003985004
-0.030351827, 0.026298497, 0.05119305, -0.006342514, -0.013880777, 0.00040167093, -0.050738454, 0.04791759, 0.04140272, -0.0038499695
-0.03141054, 0.023428423, 0.044971548, -0.0068625878, -0.01286105, 0.00048953766, -0.04436574, 0.03681982, 0.0361898, -0.002975191
-0.029775683, 0.024419416, 0.047276247, -0.006307982, -0.012742872, 0.00037220263, -0.04726268, 0.04407334, 0.038258273, -0.0046750815
-0.029928291, 0.02546733, 0.04940276, -0.00645973, -0.013330665, 0.00036199976, -0.049211297, 0.046237864, 0.040053323, -0.0043128133
-0.02527988, 0.021227542, 0.040957436, -0.0052955304, -0.01123394, 0.00034355812, -0.04072716, 0.03855775, 0.033619434, -0.003164173
-0.033062454, 0.028640239, 0.055867147, -0.0070127263, -0.014884291, 0.00041789742, -0.055350296, 0.05201416, 0.045165744, -0.0043617445
-0.023003194, 0.018821415, 0.036349073, -0.0047447844, -0.009765627, 0.00028089512, -0.03605248, 0.03400328, 0.029828794, -0.0030827199
-0.028186662, 0.02409893, 0.046832386, -0.005886453, -0.012705741, 0.00039055393, -0.04626249, 0.04390501, 0.038096536, -0.0035807544
-0.02676462, 0.022732012, 0.044008892, -0.005901647, -0.011756976, 0.000308332, -0.04329193, 0.041066945, 0.035505377, -0.003358097
-0.030345282, 0.027083194, 0.05226466, -0.0066448594, -0.013788552, 0.00012633453, -0.052623402, 0.04897076, 0.043031648, -0.0040187943
-0.029120732, 0.025317954, 0.049299456, -0.006306536, -0.0130369, 0.00036194827, -0.04881806, 0.045932643, 0.03960473, -0.0041825157
-0.03351062, 0.027820183, 0.053000893, -0.007240664, -0.013938731, 0.0003099225, -0.054084968, 0.050490733, 0.04439527, -0.00574672
-0.015748905, 0.013086039, 0.025248503, -0.0037439677, -0.00709732, 0.00045227818, -0.025045598, 0.024648834, 0.020362493, -0.0016408509
-0.02927277, 0.024116747, 0.046562083, -0.0063071963, -0.011905835, 3.9670103e-05, -0.04682302, 0.043778315, 0.037325267, -0.005400612
-0.02944546, 0.024230095, 0.04592973, -0.006515837, -0.012880976, 0.00040619946, -0.046403006, 0.04350186, 0.03963795, -0.003526586
-0.027913924, 0.02507076, 0.04726701, -0.004688939, -0.012759815, 9.1876704e-05, -0.050424416, 0.045191694, 0.039154615, -0.003876214
-0.03718319, 0.032623503, 0.062709026, -0.0069786105, -0.017082473, 0.00043435014, -0.06224728, 0.05934433, 0.05096662, -0.004821438
-0.035958808, 0.026131243, 0.050304603, -0.007664063, -0.014379158, 0.00071000645, -0.048969936, 0.047281276, 0.040741827, -0.0030126248
-0.026184889, 0.020874685, 0.040144306, -0.0058439076, -0.010681708, 0.0003101137, -0.040572677, 0.03799311, 0.03266592, -0.003246593
-0.03360094, 0.02735631, 0.052918103, -0.007528281, -0.013534621, 0.00039868066, -0.053613197, 0.049518228, 0.042436875, -0.005317655
-0.020379763, 0.014969493, 0.028367108, -0.004300271, -0.008312838, 0.00039296618, -0.029145712, 0.026075, 0.023229985, -0.0017915935
-0.036346283, 0.028910385, 0.056455266, -0.0078349, -0.015449322, 0.00060967443, -0.055296846, 0.05181804, 0.045428924, -0.0038573246
-0.029591504, 0.022926068, 0.044550765, -0.006656873, -0.012769845, -0.000152093, -0.044677895, 0.042076796, 0.03664353, -0.0026948454
-0.03142452, 0.027397653, 0.053671595, -0.005538899, -0.014524526, 0.0006425743, -0.052478552, 0.051025633, 0.041372363, -0.002986444
-0.028858086, 0.022844823, 0.044358097, -0.006335084, -0.012332939, 0.0004860311, -0.04366543, 0.041550454, 0.035887633, -0.0029960657
-0.0309524, 0.024508234, 0.04754166, -0.006657045, -0.01302504, 0.0003742615, -0.046666116, 0.044614915, 0.03857617, -0.0037560663
-0.035927963, 0.028530711, 0.05530486, -0.0077472236, -0.015300451, 0.0005555451, -0.05419229, 0.052150555, 0.044720653, -0.0037836775
-0.03694983, 0.029352767, 0.055590168, -0.007974821, -0.015696513, 0.0005830846, -0.05660531, 0.053691883, 0.046201605, -0.0040118247
-0.030440547, 0.024057021, 0.046661973, -0.006410975, -0.0128240865, 0.00045834735, -0.045930635, 0.043767165, 0.037712157, -0.0032911762
-0.035023753, 0.02782454, 0.052771796, -0.0075468756, -0.014742432, 0.00045970592, -0.053944822, 0.050734214, 0.04342046, -0.0039996393
-0.029692674, 0.02187599, 0.04251361, -0.006816024, -0.013577878, 0.0005615594, -0.04606232, 0.041693926, 0.034862094, -0.0027066318
-0.029655425, 0.021138152, 0.037145182, -0.0061790426, -0.011822788, 0.00051307376, -0.041286092, 0.038784847, 0.033003982, -0.0024476727
-0.032207627, 0.022452252, 0.043112118, -0.006455212, -0.0129032405, 0.0005465452, -0.039151046, 0.040294982, 0.03276415, -0.0024052942
-0.030113248, 0.023363343, 0.042555682, -0.006633683, -0.013569563, 0.00071715645, -0.045100875, 0.0429552, 0.036158603, -0.0020691664
-0.028638056, 0.023003625, 0.044380706, -0.006238664, -0.011950226, 0.00025004693, -0.04443119, 0.04180632, 0.03488928, -0.0041733016
-0.021144437, 0.02268421, 0.04014499, -0.0053150863, -0.011021121, 0.0001737286, -0.041284326, 0.038863126, 0.033536147, -0.0031880185
-0.026135495, 0.02206679, 0.0406677, -0.005605328, -0.010663341, 7.943173e-05, -0.045006555, 0.039420813, 0.032415636, -0.0054251887
-0.03459551, 0.027988488, 0.053311527, -0.006789668, -0.014594357, 0.00046788692, -0.05394174, 0.05040821, 0.044485327, -0.004389632
-0.03053353, 0.024509843, 0.04785593, -0.0063660727, -0.013045469, 0.0003510278, -0.047452588, 0.0446786, 0.03909345, -0.0040602307
-0.03223309, 0.023279723, 0.045706503, -0.0067798626, -0.012768307, 0.00061805104, -0.041734368, 0.0415724, 0.036327478, -0.0027913388
-0.029678902, 0.023513706, 0.045411028, -0.005985335, -0.012563687, 0.0004192745, -0.045202866, 0.042598557, 0.037228517, -0.0033754436
-0.0281707, 0.02340467, 0.04530168, -0.0055771377, -0.012617385, 0.0006073183, -0.046271864, 0.043336194, 0.037818093, -0.003455924
-0.02831843, 0.022304608, 0.043339513, -0.0058842753, -0.011672983, 0.0005661063, -0.04286126, 0.04149545, 0.0356536, -0.0023735985
-0.029689789, 0.023152553, 0.04530785, -0.0061925454, -0.012534898, 0.00065124437, -0.0453676, 0.043531258, 0.0372573, -0.0030354569
-0.03484322, 0.028133431, 0.054282706, -0.0073852954, -0.014998782, 0.0010375368, -0.053682446, 0.05205296, 0.044820365, -0.003661663
-0.025364183, 0.018743804, 0.032981854, -0.005312418, -0.010033843, 0.0004933149, -0.034669053, 0.03601393, 0.029273782, -0.0023103605
-0.033322543, 0.02741569, 0.052147713, -0.007257314, -0.0147781335, 0.0007351073, -0.053200684, 0.050836023, 0.04380921, -0.0032907014
-0.029110298, 0.0229629, 0.04453756, -0.0061219907, -0.012445373, 0.0014369941, -0.04499579, 0.042658992, 0.036722943, -0.0029046552
-0.028914662, 0.023431683, 0.04394357, -0.006060115, -0.011987805, 0.00051187223, -0.044649843, 0.04411983, 0.036721338, -0.0033079193
-0.034389757, 0.029369606, 0.053714227, -0.007119235, -0.015297141, 0.0005011763, -0.0568148, 0.053396765, 0.046853736, -0.0042711087
-0.026175281, 0.022344725, 0.04144416, -0.0055299033, -0.011433589, 0.00043372868, -0.039791603, 0.040501967, 0.034045387, -0.0030941693
-0.02821343, 0.022489501, 0.04507418, -0.005990134, -0.0118071865, 0.00060182984, -0.04327234, 0.04136671, 0.034608074, -0.0032238718
-0.027449703, 0.021787107, 0.042220984, -0.005544497, -0.011603984, 0.00040735933, -0.04193652, 0.039501432, 0.03426604, -0.0031926825
-0.030168464, 0.02092496, 0.043933034, -0.006595666, -0.012313961, 0.0009505029, -0.041479595, 0.042627044, 0.035221066, -0.0019587462
-0.02833596, 0.021443428, 0.04152024, -0.006174869, -0.011706045, 0.0022228265, -0.040948838, 0.03922467, 0.033810485, -0.0022892824
-0.025214445, 0.025286663, 0.037604347, -0.004196509, -0.010938059, 0.00039103464, -0.03955704, 0.0373022, 0.03519391, -0.0033908854
-0.02916933, 0.024227863, 0.046737827, -0.0060028243, -0.012319547, 0.00021926512, -0.047852606, 0.042155087, 0.038527355, -0.0055975183
-0.020964963, 0.015344743, 0.031172799, -0.004612968, -0.008707503, 0.00078443077, -0.030292016, 0.02991772, 0.025462795, -0.0019755987
-0.018470604, 0.014163373, 0.028159678, -0.003907718, -0.007639597, 0.0005392195, -0.02673976, 0.02602115, 0.022542125, -0.0011395052
-0.028005077, 0.020488635, 0.039813973, -0.0060398406, -0.011598992, 0.00063995656, -0.038656913, 0.03814473, 0.032523073, -0.0021759835
-0.037648432, 0.027683647, 0.05132171, -0.00818541, -0.015297912, 0.0009318221, -0.05296169, 0.052539226, 0.043607183, -0.0029795372
-0.028762983, 0.020865541, 0.040140193, -0.006031857, -0.011498284, 0.0007143946, -0.03882643, 0.036685687, 0.032605745, -0.0023287705
-0.03547223, 0.025507143, 0.049890388, -0.0077526956, -0.014245481, 0.0005139848, -0.04806715, 0.04793576, 0.039750963, -0.0029396068
-0.025585221, 0.01885536, 0.0368276, -0.0054285415, -0.010267251, 0.00053344795, -0.037026808, 0.030084718, 0.02961768, -0.0023255704
-0.03584475, 0.027834663, 0.051598877, -0.0076872385, -0.014811029, 0.0011810845, -0.05349726, 0.048572768, 0.043309316, -0.0029677132
-0.03470143, 0.026050337, 0.052612185, -0.008242916, -0.015097598, 0.0024905626, -0.05234295, 0.04975772, 0.041731127, -0.0029554702
-0.03585461, 0.026839571, 0.051024497, -0.007744751, -0.014308516, 0.00057235034, -0.05083274, 0.048835605, 0.041905012, -0.002920528
-0.032052882, 0.025296755, 0.04902652, -0.0069438, -0.013510724, 0.0004454773, -0.049605604, 0.046611145, 0.03447024, -0.004760226
-0.030405177, 0.023600234, 0.042873897, -0.0116346525, -0.014582052, 0.00058171304, -0.041664034, 0.040613566, 0.036439832, -0.00095522957
-0.02368758, 0.016930236, 0.032882806, -0.0049517388, -0.0093132565, 0.00080663443, -0.03173807, 0.029897409, 0.02623807, -0.0019262342
-0.03498437, 0.025449282, 0.048100565, -0.007389867, -0.0139979115, 0.0007425347, -0.04628525, 0.04694285, 0.039735787, -0.002935126
-0.03238153, 0.02409572, 0.04612276, -0.0068805395, -0.013623004, 0.0015275093, -0.04373636, 0.043991126, 0.037539035, -0.003050657
-0.035583485, 0.025760924, 0.04900201, -0.0076042605, -0.014190294, -0.00012743645, -0.047863536, 0.047397684, 0.040222626, -0.0026795503
-0.02880242, 0.022225447, 0.036965746, -0.0059953923, -0.011305595, 0.00055602036, -0.039255872, 0.036098417, 0.03229048, -0.002481251
-0.03154246, 0.022168782, 0.044850342, -0.0067778025, -0.012541809, 0.00060758117, -0.04185854, 0.04390602, 0.03265272, -0.002764624
-0.028212605, 0.021269633, 0.040249042, -0.005797339, -0.010937902, 0.00074686133, -0.03942325, 0.04056453, 0.03303496, -0.002622939
-0.029464124, 0.021523777, 0.04139275, -0.007017008, -0.012394372, 0.0009817583, -0.040013786, 0.039315473, 0.033380736, -0.0023606524
-0.034547683, 0.024603453, 0.0462166, -0.0076712086, -0.012844192, 0.0004715627, -0.046348426, 0.04497146, 0.03814983, -0.0027721527
-0.020226723, 0.017940588, 0.033662822, -0.003841357, -0.008641824, 0.00042851106, -0.034311928, 0.0338382, 0.027255367, -0.0030000557
-0.03683631, 0.030563256, 0.05848577, -0.008084961, -0.0154929245, 0.0001562565, -0.058889247, 0.055520255, 0.04883535, -0.006836921
-0.025066026, 0.018399375, 0.035279073, -0.0056172963, -0.009990925, 0.0007659496, -0.03507902, 0.03242389, 0.028745048, -0.0021536816
-0.0342325, 0.02699658, 0.04916931, -0.0071571195, -0.014641765, 0.00061465934, -0.042065363, 0.04139242, 0.035974577, -0.0026913155
-0.033134013, 0.025314631, 0.04818339, -0.007064374, -0.014289319, 0.0009634719, -0.04893024, 0.04038523, 0.034902755, -0.0028808382
-0.031664405, 0.024613425, 0.04571328, -0.0073435456, -0.013135019, 0.00071016856, -0.04654819, 0.04718905, 0.03868538, -0.0029433283
-0.027277792, 0.019250765, 0.03841083, -0.0059560454, -0.010425319, 0.00083851995, -0.038452175, 0.03628977, 0.03121083, -0.0019127058
-0.03532099, 0.025961697, 0.05000841, -0.0075970255, -0.01425611, 0.00081812544, -0.047187854, 0.047723204, 0.04069404, -0.0030935067
-0.029746242, 0.020643206, 0.04013758, -0.0059422636, -0.012009519, -5.272555e-05, -0.034068216, 0.035943758, 0.03127344, -0.0023858564
-0.030549077, 0.021956543, 0.0416502, -0.0063297316, -0.012156812, 0.00053139863, -0.03784139, 0.04245724, 0.033171248, -0.002674729
-0.035227273, 0.025712032, 0.04963586, -0.00743004, -0.014085421, 0.000574603, -0.048330396, 0.046890702, 0.04050164, -0.0031733022
-0.036845792, 0.025212074, 0.05262763, -0.008100252, -0.015783776, -0.00038263478, -0.05229628, 0.049594734, 0.04277196, -0.00015698747
-0.025715915, 0.02123711, 0.041505247, -0.0056152567, -0.01085234, 0.00021742795, -0.03933185, 0.037605565, 0.033921275, -0.0042165495
-0.022163613, 0.016397027, 0.031837344, -0.0049951887, -0.009204854, 0.0003913774, -0.03121208, 0.028812442, 0.025711274, -0.0018317869
-0.031926632, 0.022115307, 0.043378018, -0.007544208, -0.013029685, 0.00052422634, -0.04091569, 0.040341903, 0.035502218, -0.0025360507
-0.026424006, 0.019020362, 0.03720706, -0.005906233, -0.010899593, 0.00047335587, -0.036214754, 0.03335823, 0.028553637, -0.0022455463
-0.030074593, 0.022225976, 0.04259287, -0.006837833, -0.012255357, 0.0013192281, -0.042763334, 0.037788898, 0.03421848, -0.002158784
-0.031471483, 0.023052374, 0.04374837, -0.0067626527, -0.014963237, 0.001159237, -0.04382994, 0.037205398, 0.03617467, -0.0027810524
-0.030545682, 0.020921003, 0.03856166, -0.006439594, -0.012051892, -0.00064966275, -0.040160745, 0.03969164, 0.033757333, -0.0018498269
-0.032175012, 0.02246442, 0.043700077, -0.006702882, -0.013118378, 0.0004135308, -0.04046296, 0.04107351, 0.0337476, -0.0023005502
-0.034326144, 0.024851585, 0.047602203, -0.007868145, -0.013743092, -0.0006533487, -0.04440181, 0.046383865, 0.037066527, -0.002335988
-0.033525012, 0.025048073, 0.0481323, -0.007691318, -0.013747882, 0.0006412926, -0.04781129, 0.04510491, 0.039308522, -0.0028345098
-0.03346226, 0.024487484, 0.047480214, -0.007208667, -0.013720393, 0.00080549205, -0.046992842, 0.044991467, 0.038722288, -0.0025274402
-0.03220584, 0.025650198, 0.049554672, -0.0069859265, -0.013548581, 0.00026872996, -0.049368434, 0.046654247, 0.03958063, -0.003825397
-0.037980143, 0.02755558, 0.05251916, -0.008053268, -0.015508555, 0.00074451533, -0.05159024, 0.050017335, 0.0431216, -0.0032328437
-0.035551824, 0.025836209, 0.049782902, -0.007923678, -0.014497242, 0.00088955625, -0.049403645, 0.046753652, 0.04073909, -0.0027325721
-0.035907157, 0.025993474, 0.049882617, -0.0077060238, -0.014454965, 0.0009921674, -0.04957014, 0.046997324, 0.040918235, -0.0028168217
-0.0337824, 0.02450109, 0.04702834, -0.007368074, -0.014139641, 0.00083743915, -0.045928683, 0.0448336, 0.03847817, -0.002732204
-0.033471793, 0.024345743, 0.04684922, -0.006966644, -0.013428917, 0.0008163756, -0.046401396, 0.04388343, 0.038341694, -0.0027393138
-0.03269798, 0.02387916, 0.0460641, -0.007085855, -0.0135122, 0.00066663866, -0.044942033, 0.04380254, 0.03762645, -0.0027480186
-0.037531942, 0.02775805, 0.053218994, -0.0087216385, -0.015652644, 0.00035918108, -0.05286513, 0.050530635, 0.043488555, -0.0023871548
-0.027661385, 0.020580446, 0.039706137, -0.006158632, -0.011390023, 0.0006042132, -0.03931994, 0.037464116, 0.032382384, -0.0012243454
-0.034113843, 0.025279667, 0.04860479, -0.007480385, -0.014083959, 0.0007917646, -0.048220642, 0.045162957, 0.039545253, -0.0024626278
-0.022457344, 0.016723376, 0.0335686, -0.004229105, -0.010145107, 0.00071685424, -0.03571229, 0.037388477, 0.02894258, -0.0014799441
-0.035259176, 0.027954474, 0.053789977, -0.0075835413, -0.014914348, 0.0004943663, -0.053436216, 0.050894823, 0.04390893, -0.0038576205
-0.029840142, 0.023374619, 0.042018022, -0.006828513, -0.0131354965, 0.00091692875, -0.046264015, 0.047176912, 0.038708076, -0.0016434797
-0.033624176, 0.024193877, 0.047177237, -0.007008383, -0.01353562, 0.00072045287, -0.0460665, 0.045038138, 0.038239684, -0.0026312594
-0.028383669, 0.021213993, 0.04039173, -0.0062841084, -0.011826127, 0.0009914341, -0.04054272, 0.0389445, 0.033389714, -0.0019804963
-0.030551217, 0.022942038, 0.044273116, -0.0064331447, -0.012694523, 0.00052980176, -0.042113796, 0.041897513, 0.036018208, -0.0027799362
-0.03172723, 0.02343939, 0.044979036, -0.0067647053, -0.0130648045, 0.0007666754, -0.043613113, 0.043281782, 0.036853623, -0.0025652712
-0.030065136, 0.02200539, 0.04237091, -0.0064324155, -0.012231391, 0.0006303803, -0.040407144, 0.040548097, 0.034546755, -0.0024314045
-0.033407368, 0.022782477, 0.045232005, -0.007694589, -0.014541522, 0.0005583228, -0.046240386, 0.043738186, 0.03824942, -0.002733348
-0.03857368, 0.029617872, 0.05677036, -0.008299591, -0.016721768, 0.0006355822, -0.054772016, 0.053928945, 0.04638996, -0.0027393692
-0.03448152, 0.026662806, 0.051988322, -0.007402908, -0.014458605, 0.00040058084, -0.051164806, 0.046761606, 0.041840468, -0.003038268
-0.024128212, 0.018522212, 0.03595066, -0.004797237, -0.009957762, 9.299756e-05, -0.03465764, 0.033843566, 0.02912473, -0.0024093217
-0.031526163, 0.023173666, 0.04439476, -0.0066386047, -0.012476418, 0.000604293, -0.04038009, 0.044734, 0.033549152, -0.0028585657
-0.032930043, 0.025830628, 0.047890496, -0.0073589724, -0.014197092, 0.0011559617, -0.049363557, 0.0475606, 0.040557478, -0.0032546637
-0.030437496, 0.022358911, 0.04331304, -0.006713551, -0.012142506, 0.0012098342, -0.042511538, 0.041418456, 0.035409242, -0.0023017204
-0.02796552, 0.022677215, 0.041325644, -0.006225344, -0.011923497, 0.000598664, -0.040932287, 0.039378338, 0.03425592, -0.0023952895
-0.03478715, 0.02592887, 0.049991827, -0.007475636, -0.014235427, 0.0008981852, -0.047996286, 0.048071623, 0.040827043, -0.0028988689
-0.0345064, 0.026363945, 0.049802314, -0.007406735, -0.014144904, 0.00046039384, -0.049389496, 0.04844958, 0.041504335, -0.0032890523
-0.027508311, 0.02107391, 0.038872194, -0.0058340915, -0.011406647, 0.00042990787, -0.040325146, 0.038930565, 0.033002194, -0.0027270399
-0.029251628, 0.022609845, 0.042669576, -0.0063677086, -0.011955541, 0.0003702299, -0.043412335, 0.041201156, 0.035564043, -0.002909124
-0.035754345, 0.028055092, 0.054104604, -0.00817209, -0.0154483495, 0.00048343456, -0.053079285, 0.052267864, 0.044108402, -0.0031642916
-0.034977313, 0.026918666, 0.05028302, -0.0074670725, -0.014441078, 0.00051256875, -0.051320504, 0.049562056, 0.041679215, -0.003057573
-0.03808904, 0.027849928, 0.052677173, -0.008476569, -0.015423122, 1.2652234e-05, -0.052776262, 0.050740123, 0.04347321, -0.0028911368
-0.025846032, 0.01864241, 0.038024455, -0.005489136, -0.010372924, 0.000538206, -0.032233484, 0.036125768, 0.030143673, -0.0023240594
-0.030687839, 0.02368843, 0.04602471, -0.006662131, -0.012862405, 0.0012340096, -0.045518953, 0.041921195, 0.037358526, -0.0028797186
-0.030844346, 0.02285888, 0.043625638, -0.0065864013, -0.012527071, 0.0007063643, -0.043427568, 0.04209701, 0.03596417, -0.000663052
-0.0357132, 0.025026377, 0.04520527, -0.0069674756, -0.013480311, 0.0046461225, -0.04382162, 0.044860527, 0.040109184, 0.0008075769
-0.031561933, 0.020105463, 0.045070164, -0.006675889, -0.013060522, 0.00055757357, -0.044412445, 0.042885236, 0.03632431, -0.0025902642
-0.032983672, 0.024083523, 0.046423595, -0.0068554757, -0.013368828, 0.00035601007, -0.04576751, 0.04397497, 0.037953332, -0.0030491345
-0.030273054, 0.024849437, 0.048757363, -0.0066946503, -0.01509487, 0.00012580073, -0.04685228, 0.044692613, 0.033738934, -0.0020344085
-0.027974114, 0.020876708, 0.035139635, -0.0063832006, -0.011312209, 0.0006907585, -0.03987954, 0.039303962, 0.032767426, -0.002501405
-0.020093938, 0.016936814, 0.0328348, -0.0042709215, -0.008469002, 7.567982e-05, -0.030208584, 0.030384542, 0.024738198, -0.004973935
-0.026666196, 0.019942636, 0.037762012, -0.0057468778, -0.011055448, 0.00049218733, -0.037911102, 0.036279056, 0.031161878, -0.0021138086
-0.036697436, 0.028033104, 0.054641288, -0.007906775, -0.015279039, 0.00057995337, -0.052358583, 0.052633584, 0.044529133, -0.0035451497
-0.027065938, 0.021609023, 0.04426959, -0.005743085, -0.011767853, 0.0015117018, -0.039736383, 0.03959503, 0.029851347, -0.0023237192
-0.027119262, 0.021932036, 0.042832386, -0.0064568133, -0.012110726, 0.00085955317, -0.043229233, 0.039112546, 0.03457763, -0.0024332406
-0.030706737, 0.023438558, 0.044923972, -0.0064238897, -0.012515255, 0.0003097761, -0.045012344, 0.043324195, 0.036734443, -0.002260474
-0.029186752, 0.022250362, 0.041491292, -0.0061220787, -0.011352951, 0.00026298623, -0.042223107, 0.040987343, 0.034804963, -0.0026168656
-0.034534443, 0.02602586, 0.050704047, -0.0074856863, -0.01405465, 0.0008223219, -0.051025067, 0.048704043, 0.040127087, -0.003051136
-0.038581003, 0.028798826, 0.054675996, -0.0074691237, -0.014727245, 0.00021497632, -0.055710956, 0.0533105, 0.04560801, -0.002873476
-0.033815395, 0.025026212, 0.050329562, -0.007344127, -0.013887027, 0.00073934626, -0.05018219, 0.048025664, 0.041081425, -0.0029830663
-0.037959024, 0.029736156, 0.057391185, -0.007831444, -0.015742041, 0.0007510177, -0.05501933, 0.053971592, 0.046819277, -0.002713977
-0.030897047, 0.02373716, 0.046091978, -0.0066785244, -0.012613368, 0.0005705407, -0.046015766, 0.044150352, 0.038063474, -0.00253066
-0.02786732, 0.021171546, 0.041632235, -0.006074398, -0.011743714, 5.9438066e-06, -0.04038867, 0.039518755, 0.03401262, -0.0026920594
-0.025122711, 0.018960498, 0.03750361, -0.0053619253, -0.010218724, 0.0005710983, -0.03738619, 0.03550024, 0.030554352, -0.002327558
-0.023470847, 0.017722271, 0.03458056, -0.005042261, -0.009671784, 0.0004715545, -0.034857977, 0.029329598, 0.027961297, -0.0022058499
-0.03609205, 0.027012033, 0.051994298, -0.0073304037, -0.014634326, 0.0006937866, -0.05403584, 0.05010307, 0.042765275, -0.0027921516
-0.030728906, 0.023199463, 0.04499208, -0.006437753, -0.0112034995, 0.00023830886, -0.04340437, 0.04117213, 0.036502674, -0.003112446
-0.030003868, 0.023103274, 0.0445607, -0.0060973987, -0.012534633, 0.0004566689, -0.044563293, 0.040894914, 0.036321085, -0.0028685129
-0.023522468, 0.018265858, 0.03525996, -0.004974615, -0.0097634485, 0.00023806309, -0.034955587, 0.032474507, 0.02864468, -0.0021409485
-0.029662862, 0.023015363, 0.041892897, -0.006709791, -0.012784513, 0.00046750513, -0.0440079, 0.04119081, 0.038353954, -0.002857184
-0.0334566, 0.025566958, 0.049848817, -0.0071730004, -0.01393095, 0.00056926574, -0.05016675, 0.046350215, 0.040480845, -0.0029036915
-0.028821928, 0.019678619, 0.039052203, -0.006263261, -0.01111891, 0.001112896, -0.040545113, 0.03805013, 0.032770652, -0.0014236616
-0.027311584, 0.021448012, 0.043203387, -0.0056469925, -0.011511227, 0.00039842736, -0.03888643, 0.03662594, 0.033729706, -0.0028956817
-0.030168928, 0.023496715, 0.045283064, -0.007115888, -0.01357291, 0.0006944904, -0.044834357, 0.042385004, 0.03700029, 0.0006039653
-0.034393273, 0.020364761, 0.048847865, -0.0076535796, -0.014473821, 0.00048322702, -0.048568606, 0.046016056, 0.039847787, -0.0021448391
-0.021966012, 0.018199006, 0.03538267, -0.0047211796, -0.009593073, 0.0003242746, -0.035013363, 0.033076823, 0.028669184, -0.0028070689
-0.034585625, 0.025330689, 0.047467533, -0.0075643393, -0.014106624, 0.00091527693, -0.0474054, 0.04933695, 0.040675476, -0.00203397
-0.026554786, 0.019766834, 0.037672166, -0.0057456726, -0.010813947, 0.0006416647, -0.03900151, 0.037624747, 0.02894642, -0.0023157436
-0.028094843, 0.019559242, 0.037323955, -0.006665689, -0.01072094, 0.0010074289, -0.038279306, 0.037005976, 0.031527996, -0.0014288725
-0.033403274, 0.02208815, 0.040556457, -0.0066488865, -0.012099904, 0.0016304723, -0.039751217, 0.03952209, 0.035650063, -0.0027101324
-0.029879969, 0.02362785, 0.04650949, -0.0067121014, -0.012780537, 0.0006203301, -0.041290298, 0.044937335, 0.037530422, -0.0029027222
-0.026887136, 0.020031694, 0.038971364, -0.005925153, -0.0111902775, 0.0024384488, -0.038830258, 0.036853068, 0.032306552, -0.0015924782
-0.031076696, 0.022294367, 0.042771876, -0.0067943027, -0.013005638, 0.00086430414, -0.042112097, 0.041930676, 0.044982053, -0.0008545069
-0.035404947, 0.021807745, 0.047603264, -0.0048839813, -0.014337456, -7.846747e-05, -0.051649876, 0.046063054, 0.04378844, -0.0026589637
-0.024384746, 0.016991042, 0.034253817, -0.005110155, -0.00995333, 0.00056007836, -0.033420585, 0.034228556, 0.029325638, -0.0015779453
-0.026590545, 0.019182885, 0.035897, -0.005612525, -0.010806317, 0.0006760993, -0.03809663, 0.03660553, 0.03147731, -0.0018241747
-0.03331972, 0.026983129, 0.052816827, -0.0067819613, -0.014069129, 0.000387498, -0.052545886, 0.049489517, 0.04345782, -0.0042124153
-0.027420316, 0.020283174, 0.03957405, -0.0058498983, -0.011202342, 0.00056118966, -0.037313446, 0.03798514, 0.03244087, -0.0021874823
-0.02679435, 0.019898942, 0.03650688, -0.0058317976, -0.012703181, 0.0006753793, -0.0401497, 0.03860724, 0.0322358, -0.0023528729
-0.034056783, 0.024596717, 0.04450345, -0.007276149, -0.0136680575, 0.0011039404, -0.047398154, 0.04611402, 0.039432973, -0.0021271296
-0.026286783, 0.018770901, 0.035099942, -0.0054627014, -0.010505435, 0.00070930255, -0.035534855, 0.03623777, 0.030472316, -0.0019180223
-0.036184456, 0.02636905, 0.050282538, -0.007833028, -0.01519484, 0.00097171485, -0.055655092, 0.052718874, 0.04346897, -0.002986055
-0.026990002, 0.020597035, 0.04005938, -0.005781979, -0.010874353, 0.00039290314, -0.040389016, 0.037397236, 0.0332948, -0.0024769537
-0.029986527, 0.022985894, 0.042904463, -0.0064333607, -0.012284121, 0.0006528764, -0.04539399, 0.042744633, 0.03683258, -0.0025637122
-0.032333363, 0.023378164, 0.046212576, -0.0068613836, -0.01224565, 0.0011060031, -0.047643714, 0.04497538, 0.036940485, -0.0039321217
-0.027954482, 0.022184715, 0.043368623, -0.0064606788, -0.011598, 0.0009098322, -0.043895658, 0.04181953, 0.035623085, -0.0020036262
-0.030196974, 0.022447601, 0.043797683, -0.0064828666, -0.012743027, 0.00043426346, -0.04348443, 0.041211773, 0.0352947, -0.0027969747
-0.028652176, 0.023969466, 0.04450922, -0.0063509825, -0.012573822, 0.00044886195, -0.045928016, 0.043074135, 0.03995537, -0.003988217
-0.02042508, 0.017712098, 0.036522213, -0.004097738, -0.009223884, 0.00017418245, -0.03297115, 0.031479638, 0.028403025, -0.0029102184
-0.027097505, 0.020540627, 0.042057786, -0.0066219727, -0.01164644, 0.0014374316, -0.040964283, 0.039180562, 0.033739466, -0.0018901372
-0.026096126, 0.02030948, 0.038207047, -0.005793247, -0.011014348, 0.0006085714, -0.03716118, 0.036679614, 0.034649998, -0.0025102308
-0.022668028, 0.019496685, 0.03777002, -0.0057970653, -0.01060555, 0.0008060866, -0.03767572, 0.035679564, 0.030656958, -0.002370509
-0.027304377, 0.020479135, 0.038918756, -0.0059818677, -0.01118953, 0.0007086604, -0.037398994, 0.039058406, 0.03318713, -0.0022954608
-0.02891788, 0.021618366, 0.040126108, -0.006291572, -0.011259633, 0.0009791751, -0.03993819, 0.04013963, 0.03381962, -0.0016882478
-0.03451342, 0.023725707, 0.047229286, -0.0073570968, -0.013787238, 0.00085255975, -0.04811676, 0.046280738, 0.03805434, -0.0026887557
-0.027489882, 0.021149786, 0.039841175, -0.006402734, -0.011789586, 0.00077476894, -0.041794974, 0.040863566, 0.034132257, -0.0024123767
-0.030918445, 0.023247646, 0.042838655, -0.0068439553, -0.012743009, 0.0026070941, -0.04581818, 0.042217, 0.0371153, -0.0025609105
-0.029308157, 0.022298576, 0.042827632, -0.0063597756, -0.012085182, 0.00059170474, -0.039228708, 0.041282915, 0.03480279, -0.0027412926
-0.022999024, 0.016675927, 0.031603828, -0.004918446, -0.009136896, 0.0005566489, -0.031392183, 0.0310847, 0.02642393, -0.0012200502
-0.025973953, 0.02141859, 0.04170535, -0.005592938, -0.01130533, 0.0003998697, -0.04132233, 0.038993735, 0.033904172, -0.0031654858
-0.02846374, 0.020889172, 0.038370658, -0.0062112883, -0.011476856, 0.0007291676, -0.040204924, 0.039239857, 0.032981224, -0.0023291414
-0.031050086, 0.021637496, 0.039046187, -0.0061763, -0.011759504, 0.0006896191, -0.041328438, 0.038832374, 0.033650935, -0.0023934012
-0.03227118, 0.02371564, 0.04581829, -0.0064536845, -0.012921697, 0.0036025485, -0.043688126, 0.04394754, 0.03614883, -0.002762373
-0.028833395, 0.019859718, 0.038228385, -0.0056872647, -0.010958651, 0.00060829415, -0.03717028, 0.036667954, 0.032041986, -0.00085124746
-0.02778812, 0.020411702, 0.039962936, -0.0058683003, -0.011056707, 0.0005725012, -0.039838664, 0.03557105, 0.02959189, -0.0024733245
-0.02710695, 0.020578537, 0.03581092, -0.0059458856, -0.011130592, 0.0006080628, -0.04088354, 0.039128035, 0.031709306, -0.0025260076
-0.030922037, 0.023021596, 0.044464417, -0.0071842615, -0.012462766, 0.004714715, -0.04196403, 0.0413392, 0.036386184, -0.00094642316
-0.036616623, 0.021619204, 0.05182393, -0.007816263, -0.0139202485, -0.00013548593, -0.053885937, 0.052687284, 0.043622505, -0.0038824792
-0.024702583, 0.018946115, 0.035297483, -0.005466488, -0.010245734, 0.0008202922, -0.036075372, 0.037953064, 0.030798776, 0.001341885
-0.026093362, 0.019872155, 0.035284203, -0.0057910415, -0.0109714605, 0.0007717383, -0.04113821, 0.03740219, 0.03288305, -0.0019871262
-0.03360341, 0.027180392, 0.05254171, -0.006901489, -0.013821001, 0.00042603136, -0.05220159, 0.049376518, 0.043154012, -0.004532908
-0.030115398, 0.0223941, 0.048544683, -0.007279458, -0.013685209, 0.0011348494, -0.04909243, 0.047774363, 0.038156066, -0.0015388754
-0.025480378, 0.018330688, 0.035178903, -0.0052168346, -0.009933555, 0.0005019869, -0.033231664, 0.033106312, 0.029403917, -0.0019061372
-0.023327237, 0.018318694, 0.035638895, -0.0052714143, -0.010021267, 0.0019452246, -0.034079093, 0.03439077, 0.028443282, -0.0021587873
-0.031163402, 0.024616329, 0.044408426, -0.0075189215, -0.013312093, 0.0032495265, -0.047229037, 0.044527866, 0.038148448, -0.0017758012
-0.0276633, 0.021303255, 0.042188488, -0.006032493, -0.011521974, 0.00083106774, -0.040912338, 0.035857126, 0.03338987, -0.0026079149
-0.024159636, 0.0173041, 0.030794216, -0.0050193467, -0.009428561, 0.0010923927, -0.03337403, 0.03090035, 0.027209895, -0.0015389526
-0.02724986, 0.019994011, 0.03509691, -0.0058004837, -0.011045286, 0.00054717174, -0.037680488, 0.038628437, 0.030338908, -0.0023084495
-0.026740303, 0.02109308, 0.0407163, -0.0072655287, -0.011366116, 0.003711326, -0.040469773, 0.036307015, 0.032801434, -0.0025150354
-0.020869942, 0.015497142, 0.03410567, -0.0049872114, -0.009580943, 0.000857538, -0.032503486, 0.034119245, 0.028685557, -0.0009896063
-0.025641467, 0.017898092, 0.040762734, -0.005789026, -0.011065466, 0.0012681395, -0.040832203, 0.034474604, 0.033315085, -0.0019683365
-0.03753855, 0.03026529, 0.058561634, -0.0077759014, -0.016070023, 0.00045016487, -0.05820299, 0.054965377, 0.04801979, -0.0045850566
-0.03006345, 0.024513988, 0.046767812, -0.0072426405, -0.013346594, 0.0012355964, -0.050173335, 0.043134596, 0.036944203, -0.0026829543
-0.033100355, 0.023716863, 0.04738748, -0.007274695, -0.01292525, 0.0017873484, -0.043238517, 0.041495223, 0.035988122, -0.0028094847
-0.029457452, 0.022052914, 0.041908707, -0.0063120895, -0.011860709, 0.000892611, -0.039974343, 0.04012817, 0.034236632, -0.003247117
-0.02330459, 0.017349401, 0.033741828, -0.0050158473, -0.009544259, 0.000466924, -0.031693276, 0.032050483, 0.02727343, -0.0021500955
-0.031359974, 0.024812287, 0.04829696, -0.00736558, -0.012896393, 0.00084626424, -0.044226788, 0.046542995, 0.039062805, -0.0029181503
-0.026000276, 0.018669887, 0.035691593, -0.0053857923, -0.010140901, 0.0004972634, -0.0328472, 0.034142602, 0.030114848, -0.0021332502
-0.028261624, 0.023859538, 0.045716718, -0.005866277, -0.012314168, 0.00032065684, -0.040474445, 0.04421685, 0.0385474, -0.0035879062
-0.031227348, 0.022358611, 0.04438146, -0.007456609, -0.012188606, 0.00035193688, -0.043274373, 0.042290274, 0.036113713, -0.0021417933
-0.024436124, 0.01836616, 0.03505681, -0.0055918503, -0.010406348, 0.0005947091, -0.033900157, 0.0333512, 0.02860604, -0.0018484392
-0.030773502, 0.022686174, 0.043591704, -0.006547493, -0.0124444775, 0.0006360898, -0.04179396, 0.041735627, 0.035704795, -0.0027023759
-0.034793302, 0.027604783, 0.053207316, -0.0073076333, -0.014734767, 0.0004245169, -0.05288388, 0.050055224, 0.043476235, -0.003962803
-0.029482575, 0.021044802, 0.04078418, -0.0065285405, -0.01188354, -0.00048175504, -0.040549457, 0.03912275, 0.033682693, -0.0027476244
-0.034449853, 0.024712287, 0.04739788, -0.0072053876, -0.013592221, 0.00075452676, -0.044708036, 0.045263093, 0.03867163, -0.00268659
-0.020582685, 0.01492374, 0.02848569, -0.004600402, -0.008289952, 0.0007957333, -0.028765325, 0.027634723, 0.023445165, -0.0016859791
-0.03779306, 0.027485436, 0.053115558, -0.00856509, -0.015124672, 0.0015941573, -0.053355973, 0.048609965, 0.04313917, -0.0030895453
-0.038153183, 0.029439468, 0.05502632, -0.0069989576, -0.015527303, 0.0012619272, -0.05483682, 0.04817305, 0.044623524, -0.0030854212
-0.028779369, 0.021729378, 0.04317242, -0.006488662, -0.0123952, 0.0005056077, -0.04137872, 0.04119718, 0.033905156, -0.0022532283
-0.030224094, 0.022468612, 0.041894574, -0.0068496116, -0.012307819, 0.00072826346, -0.04281819, 0.041096926, 0.03513072, -0.0027465266
-0.025756242, 0.019589897, 0.03630865, -0.00555077, -0.010681182, 0.0005210659, -0.037203267, 0.037207596, 0.030437564, -0.002280266
-0.02731675, 0.01997248, 0.03851728, -0.0058340887, -0.01097588, 0.0005457991, -0.039708562, 0.036720492, 0.03158127, -0.0022768937
-0.023099493, 0.017743925, 0.035802685, -0.0050994544, -0.010252276, 0.0007104828, -0.037230074, 0.033054557, 0.028534934, -0.002145191
-0.029197032, 0.022805043, 0.043938737, -0.00631845, -0.012241565, 0.0003477119, -0.043748513, 0.041553337, 0.03545938, -0.0031613412
-0.030379407, 0.024286358, 0.04847326, -0.005502662, -0.01297129, 0.0003638295, -0.04490971, 0.040327135, 0.036240254, -0.003381095
-0.026308578, 0.01895264, 0.033282727, -0.0054821554, -0.010720181, 0.00058399554, -0.03762884, 0.036894117, 0.03139214, -0.0019516965
-0.029996844, 0.022059295, 0.04132862, -0.006389345, -0.012367646, 0.00076815614, -0.04706119, 0.036458388, 0.036637716, -0.0022924845
-0.024775714, 0.020262452, 0.041770816, -0.00535985, -0.010663688, 0.00036228128, -0.035498634, 0.034412112, 0.03105771, -0.0026168914
-0.018032424, 0.014827945, 0.02876691, -0.004270886, -0.008232144, 0.0003727738, -0.028766923, 0.027591877, 0.023561148, -0.0017574342
-0.02595268, 0.020049611, 0.037794296, -0.005709467, -0.011172605, 0.00044243483, -0.04197511, 0.036276013, 0.032587998, -0.0024685147
-0.023916973, 0.019473737, 0.036994427, -0.0052817054, -0.010543118, 0.00036034337, -0.04024954, 0.033035215, 0.030336775, -0.0026247024
-0.029677153, 0.023448434, 0.045552183, -0.0065500974, -0.012676349, 0.0010484265, -0.04560542, 0.041472908, 0.036324814, -0.0031860098
-0.024779128, 0.018567897, 0.035726063, -0.005553593, -0.010163477, 0.00031951757, -0.034858935, 0.033694852, 0.029062131, -0.0021603385
-0.03309833, 0.02518859, 0.048614282, -0.0068176747, -0.013838197, 0.00033412816, -0.048485573, 0.04570319, 0.03988191, -0.0033774823
-0.027509013, 0.021648284, 0.04165497, -0.0058666808, -0.011516422, 0.00039287462, -0.041533664, 0.039336193, 0.033938218, -0.003091609
-0.030954888, 0.024697423, 0.04726776, -0.0073011406, -0.013600964, 0.00053501624, -0.047759708, 0.042389236, 0.038229022, -0.0030303337
-0.026124168, 0.02035104, 0.04093737, -0.0059816614, -0.011244586, 0.00049837603, -0.04112214, 0.035311922, 0.032495335, -0.002500901
-0.022741122, 0.016812367, 0.031735543, -0.0047967606, -0.00908114, 0.00094680843, -0.03159285, 0.030426672, 0.023413884, -0.0019308564
-0.02915823, 0.020655992, 0.03940888, -0.0059806784, -0.011417531, 0.0005589967, -0.039432947, 0.036291152, 0.032032896, -0.0024422817
-0.024602322, 0.018832676, 0.0368979, -0.0056117717, -0.010420659, 0.00050168036, -0.03402245, 0.03503472, 0.029610464, -0.0021942698
-0.020666558, 0.016102636, 0.030461252, -0.004363277, -0.008739064, 0.00025263324, -0.030557387, 0.029597526, 0.025247848, -0.002095656
-0.025126817, 0.020310791, 0.038858768, -0.0058063366, -0.011329825, 0.0005467179, -0.03871065, 0.035932377, 0.031560563, -0.0024588373
-0.030622339, 0.0236126, 0.04365559, -0.00662812, -0.01279125, 0.0004451813, -0.046050422, 0.04252175, 0.03676984, -0.0030134656
-0.027778735, 0.022010509, 0.042525254, -0.0057211597, -0.01170042, 0.0005223978, -0.040768147, 0.03994834, 0.033845305, -0.003297792
-0.023834849, 0.019672815, 0.036558714, -0.0048302985, -0.010387848, 0.00033463756, -0.038148995, 0.03598032, 0.031426523, -0.0026458201
-0.023493493, 0.019489752, 0.037215482, -0.0049820733, -0.01037641, 0.00035366943, -0.03774533, 0.03576742, 0.030595962, -0.0025592668
-0.02981926, 0.024669135, 0.047852267, -0.0064392346, -0.013039438, 0.00040031123, -0.04548106, 0.045901667, 0.03850149, -0.003461317
-0.025548387, 0.018089533, 0.03463957, -0.005316814, -0.009956485, 0.00019820408, -0.033886097, 0.033178132, 0.027305942, -0.0016554624
-0.03121625, 0.026742717, 0.051045116, -0.0071399477, -0.014184953, 0.0005061772, -0.05129746, 0.046613194, 0.041113883, -0.0034131042
-0.024528364, 0.02066334, 0.039685413, -0.0055377954, -0.011065389, 0.0003657671, -0.04016163, 0.038314585, 0.031884808, -0.0026815115
-0.026458202, 0.022456229, 0.04061985, -0.004915085, -0.0115354275, 0.0003025818, -0.042049415, 0.040637657, 0.03501674, -0.0031580043
-0.017835202, 0.015210749, 0.029452674, -0.0038675088, -0.008031215, 0.00027088655, -0.029348383, 0.02767051, 0.023815857, -0.0021034381
-0.031526092, 0.027454494, 0.053024657, -0.005777276, -0.014416929, 0.00042308524, -0.05232593, 0.050036244, 0.043031234, -0.0040542623
-0.026684366, 0.023750152, 0.04571641, -0.0047810087, -0.012281033, 0.00035479688, -0.045952756, 0.04338047, 0.03722532, -0.003459866
-0.025101187, 0.022276914, 0.04409241, -0.0046344274, -0.011417265, 0.0003081331, -0.042959783, 0.040345624, 0.035168316, -0.0034869316
-0.020965368, 0.018829416, 0.036483463, -0.0044625783, -0.0097279, 0.0002752775, -0.036652382, 0.03428931, 0.029760193, -0.0028406954
-0.03245884, 0.025455605, 0.049242344, -0.0070616654, -0.013657436, 0.00040656375, -0.048384767, 0.046479203, 0.039537996, -0.0035269812
-0.02732779, 0.02441339, 0.04700709, -0.0044543776, -0.012297153, 0.0002450999, -0.046503354, 0.04364861, 0.03751458, -0.003723216
-0.025679309, 0.022297861, 0.04162453, -0.0047531254, -0.01130782, 0.00014339895, -0.04392382, 0.040587325, 0.035195224, -0.0033960426
-0.03332232, 0.024724552, 0.0474783, -0.007183776, -0.013512302, 0.0005196471, -0.04601555, 0.045485843, 0.03859005, -0.0030251525
-0.03679036, 0.022339402, 0.04350804, -0.010712409, -0.012573528, 0.0003851843, -0.042230166, 0.03861785, 0.034346674, -0.002036198
-0.027653722, 0.023430465, 0.045479305, -0.0061226534, -0.012150024, 0.00039211474, -0.04530041, 0.04273083, 0.036905583, -0.0034445447
-0.029484373, 0.02457764, 0.04791325, -0.006088267, -0.012346063, 0.00040702408, -0.04704617, 0.044411972, 0.03860092, -0.0036453698
-0.025217803, 0.02068586, 0.039002955, -0.005235919, -0.010646684, 0.00044442367, -0.03508555, 0.038562324, 0.031478282, -0.00288704
-0.02741465, 0.021306904, 0.04119501, -0.0053141215, -0.011535739, 0.00038613167, -0.0410497, 0.039118662, 0.033342283, -0.0027661838
-0.030684885, 0.024046203, 0.046112455, -0.006518657, -0.01288924, 6.443454e-05, -0.044584483, 0.043999024, 0.03800744, -0.003832888
-0.025862703, 0.02253935, 0.043117307, 0.001431746, -0.011529848, 0.00027216045, -0.041520894, 0.04157674, 0.037147094, -0.0032953583
-0.028109647, 0.022278234, 0.04300843, -0.005665273, -0.011918931, 0.0004057729, -0.042655103, 0.04033622, 0.0351579, -0.0031855463
-0.02552759, 0.020698342, 0.040108353, -0.005880368, -0.011049767, 0.0007980133, -0.039070558, 0.03816905, 0.033037156, -0.0029022302
-0.03437793, 0.0273994, 0.0530635, -0.006990337, -0.014654824, 0.00047863415, -0.05263195, 0.049490876, 0.043357156, -0.0039197393
-0.03974104, 0.029557733, 0.055766903, -0.008495875, -0.016106222, 0.00071772054, -0.056396063, 0.053984813, 0.046329763, -0.003644651
-0.047549464, 0.034490656, 0.06640589, -0.01013169, -0.019386675, 0.00092590397, -0.064464405, 0.062442478, 0.05408296, -0.004053164
-0.028026015, 0.01954775, 0.03972589, -0.005927467, -0.011116514, 0.0009426566, -0.039960902, 0.03904973, 0.033054207, -0.0019077696
-0.03139311, 0.0247347, 0.047917854, -0.0062660137, -0.013252706, 0.00048022272, -0.047906775, 0.04502567, 0.039361026, -0.003389562
-0.030130394, 0.022587756, 0.04273235, -0.0067814956, -0.012434744, 0.0017994007, -0.04295711, 0.041402318, 0.035291113, -0.0023681559
-0.03029041, 0.022386905, 0.042734675, -0.006429522, -0.012138347, 0.0008581582, -0.042567242, 0.040375993, 0.03498594, -0.0027214796
-0.030622553, 0.02392768, 0.046288513, -0.006314105, -0.012950686, 0.00032450017, -0.046351697, 0.042787127, 0.03767686, -0.0032166191
-0.032598227, 0.025164645, 0.048676778, -0.0066642193, -0.013588558, 0.0003639619, -0.0475488, 0.045793176, 0.039453294, -0.0033673479
-0.026039993, 0.020806827, 0.040380713, -0.005688163, -0.011181268, 0.00047635997, -0.039699703, 0.037855357, 0.032636207, -0.0027471446
-0.025911603, 0.019078119, 0.037304554, -0.0055081453, -0.010394755, 0.00047784613, -0.032916427, 0.035559997, 0.029948177, -0.0023568822
-0.033108525, 0.024485603, 0.047067516, -0.0074221375, -0.013399108, 0.001045759, -0.04667718, 0.04440657, 0.038152937, -0.0028369725
-0.036946386, 0.027236082, 0.052076783, -0.0079142, -0.0154380705, 0.0006653874, -0.051970776, 0.04954318, 0.04277549, -0.0029370685
-0.038508292, 0.028076772, 0.053893007, -0.00845482, -0.01574384, 0.000764496, -0.053416803, 0.050552715, 0.04379017, -0.0032593051
-0.025865199, 0.01891316, 0.036469776, -0.005607427, -0.010557772, 0.00048962684, -0.036123455, 0.03453693, 0.029703798, -0.0021307687
-0.03716213, 0.027868384, 0.053672273, -0.008792854, -0.015306246, 0.0006552217, -0.053292688, 0.05082846, 0.04371042, -0.0029986717
-0.035623655, 0.026672866, 0.05101949, -0.008088837, -0.014593196, 0.001180021, -0.051149376, 0.049019437, 0.041823924, -0.0029155284
-0.029785935, 0.01978524, 0.043369852, -0.006427192, -0.012608127, 0.0010460279, -0.042314507, 0.042247802, 0.036249902, -0.0011595384
-0.027484689, 0.020059345, 0.037597336, -0.0060117273, -0.011325559, 0.00096849556, -0.041912228, 0.038589526, 0.033091187, -0.0018465604
-0.029864267, 0.021015942, 0.042508937, -0.006503013, -0.010712024, 0.0010276993, -0.043896127, 0.041769706, 0.035626397, -6.7312314e-05
-0.04012628, 0.029479468, 0.05654511, -0.008579757, -0.016252186, 0.0007150549, -0.05531176, 0.053709574, 0.04620587, -0.003608906
-0.02545434, 0.02090908, 0.04010703, -0.005962285, -0.011177245, 0.00066186796, -0.040400453, 0.038147543, 0.032888047, -0.0027567265
-0.022177622, 0.01571634, 0.029136201, -0.004544974, -0.008934293, 0.0003978448, -0.03033214, 0.027208673, 0.024399446, -0.0018840671
-0.031296674, 0.020251095, 0.04097059, -0.0064238245, -0.013147407, 0.00034307773, -0.035488024, 0.034903567, 0.031971604, -0.0013083526
-0.029193914, 0.021899039, 0.042232934, -0.0064087524, -0.012089175, 0.00052777596, -0.041805428, 0.040035583, 0.033743914, -0.0023698253
-0.030873349, 0.02241478, 0.043059945, -0.006639454, -0.012401895, 0.0007212037, -0.042334657, 0.04089501, 0.035016757, -0.0024893354
-0.033687353, 0.024557928, 0.047418084, -0.007266766, -0.013746765, 0.0010219268, -0.047066845, 0.045029122, 0.038530063, -0.0025913466
-0.03744492, 0.027523289, 0.054880403, -0.008778039, -0.016594842, 0.0010863838, -0.052061167, 0.051259477, 0.043369457, -0.0029056126
-0.024115149, 0.018147055, 0.03435232, -0.005322108, -0.010553134, 0.0007945355, -0.034457885, 0.032839105, 0.028275184, -0.0019191322
-0.03346378, 0.025010627, 0.04795732, -0.0075827343, -0.01370778, 0.0009564245, -0.04757423, 0.044510618, 0.039044596, -0.0026285711
-0.034762345, 0.025425756, 0.048851315, -0.007257993, -0.01394362, 0.00060575985, -0.04852302, 0.045528594, 0.03991247, -0.003165361
-0.027737455, 0.020347966, 0.039302967, -0.006015439, -0.011166433, 0.0008265619, -0.03817977, 0.03842224, 0.030770885, -0.002334397
-0.03048858, 0.025936557, 0.045477383, -0.0065698107, -0.011216822, 0.00016598727, -0.045824554, 0.0441072, 0.03745541, -0.0036076952
-0.029197266, 0.02139748, 0.041426472, -0.0062377444, -0.011573949, 0.001045839, -0.03908103, 0.039866026, 0.033746656, -0.002340495
-0.031383794, 0.023463903, 0.045095593, -0.0070195775, -0.013121718, 0.0005967048, -0.044835363, 0.042669583, 0.036688965, -0.0022365602
-0.037131596, 0.02539114, 0.049306042, -0.009120576, -0.01602899, -0.0015238123, -0.050575517, 0.046331603, 0.041597683, -0.0026579387
-0.02739739, 0.019822674, 0.037648395, -0.0057748756, -0.010990918, 0.0004989076, -0.037499227, 0.035942145, 0.025796697, -0.0018127237
-0.02976197, 0.021941572, 0.04228995, -0.006219304, -0.012150379, 0.0005077281, -0.04173026, 0.040004652, 0.034021493, -0.0027958949
-0.03058232, 0.022518579, 0.043015894, -0.0066389777, -0.012343985, 0.00073215977, -0.04274032, 0.041076895, 0.034900606, -0.002690998
-0.02990505, 0.021358076, 0.04031444, -0.0075532594, -0.012072387, 0.00093703717, -0.040144805, 0.03725401, 0.033297665, -0.0014228756
-0.032121483, 0.023265662, 0.044087723, -0.008588629, -0.013250341, 0.0009497712, -0.041913293, 0.04285052, 0.03697818, -0.002544074
-0.030960895, 0.021741237, 0.041781798, -0.006675902, -0.01265515, 0.0007029702, -0.041387312, 0.037671853, 0.03414179, -0.0026212193
-0.041096255, 0.030801205, 0.059338514, -0.008986306, -0.017352516, 0.0010095875, -0.059424054, 0.054829143, 0.048307143, -0.003858345
-0.016809141, 0.011990915, 0.022440808, -0.0034827217, -0.006516577, 0.00031685526, -0.022661023, 0.021442194, 0.019243563, -0.0014954325
-0.03423207, 0.024788447, 0.047018792, -0.007174161, -0.0136242, 0.0006349476, -0.04712248, 0.044928353, 0.03870013, -0.0028947229
-0.03438145, 0.02540734, 0.048868224, -0.0073275724, -0.014150638, 0.00068649824, -0.048494577, 0.045377318, 0.039707668, -0.0029333094
-0.0370732, 0.027422836, 0.0520332, -0.007844822, -0.015095491, 0.0006951325, -0.052278806, 0.049876854, 0.04284832, -0.0032478382
-0.041851763, 0.030943802, 0.05901681, -0.00928863, -0.01704668, 0.0008028719, -0.059198987, 0.057550665, 0.048205066, -0.003812731
-0.033418152, 0.02467569, 0.04743605, -0.0071372846, -0.013542588, 0.0006376341, -0.04595453, 0.045352273, 0.038462613, -0.0029570227
-0.02827181, 0.022674065, 0.039143875, -0.006542595, -0.012547114, 0.0010695193, -0.045972563, 0.045535557, 0.03673362, -0.002082121
-0.03822042, 0.022717135, 0.05240228, -0.007932107, -0.014807874, 0.001229849, -0.049593303, 0.055340946, 0.041406177, -0.0029533838
-0.037027735, 0.02716613, 0.052588746, -0.0078051635, -0.015008761, 0.00062000315, -0.052177116, 0.0491693, 0.042848486, -0.0033747358
-0.027819153, 0.019935526, 0.0382, -0.00600046, -0.01115465, 0.00030016853, -0.038027484, 0.03627816, 0.02811404, -0.0022946985
-0.035227835, 0.024741968, 0.04028721, -0.0067843045, -0.013029857, 0.00041268658, -0.041067373, 0.041220117, 0.036255714, -0.0025671853
-0.018969733, 0.013941574, 0.02587614, -0.0041756546, -0.0076295766, 0.00093141507, -0.02592848, 0.025899425, 0.02217874, -0.001458889
-0.02970232, 0.020403357, 0.040403612, -0.0062470124, -0.012337995, 0.00038004995, -0.040219374, 0.03487841, 0.032731675, -0.0021263
-0.030871829, 0.02353587, 0.043168373, -0.0066475053, -0.012999548, 0.00051057374, -0.043952364, 0.042786106, 0.036078308, -0.0028972928
-0.029956862, 0.022429856, 0.04243647, -0.006505847, -0.013347313, 0.001155575, -0.042857252, 0.040980287, 0.034381755, -0.0021928004
-0.030181885, 0.022369618, 0.042889085, -0.0066827955, -0.01247039, 0.0006155957, -0.042757496, 0.04088734, 0.03461383, -0.0025515943
-0.027430309, 0.020324906, 0.038922407, -0.0058524925, -0.011051935, 0.00056029984, -0.03888233, 0.036734413, 0.031853486, -0.0025244674
-0.036404695, 0.026936812, 0.051448137, -0.007716896, -0.015027172, 0.0005811727, -0.05155258, 0.049085744, 0.042209543, -0.0034440295
-0.03030992, 0.02203408, 0.04315811, -0.0067226947, -0.012224913, 0.00052279746, -0.04144192, 0.037474193, 0.03451077, -0.0026296307
-0.03717791, 0.0265774, 0.052098665, -0.007880762, -0.015073323, 0.0006663624, -0.04695241, 0.05050235, 0.042124785, -0.0032331233
-0.03334364, 0.023421068, 0.045854166, -0.008053218, -0.013531922, 0.0006108749, -0.042734064, 0.038440872, 0.037546787, -0.0027302408
-0.023400784, 0.016711274, 0.032823984, -0.0059198057, -0.008715367, 9.872517e-05, -0.032833576, 0.031032927, 0.026862033, -0.0013001349
