-0.04640179, 0.018910242, -0.010740529, 0.03278568, -0.007206134, -0.013579579, 0.011302601, 0.034006327, -0.011314556, -0.044536762
-0.02799841, 0.022817599, 0.044000786, -0.0060463147, -0.0118551655, 0.0002805113, -0.04403754, 0.041487265, 0.035773054, -0.0037654147
-0.03312052, 0.025115777, 0.04818303, -0.0071614664, -0.0136899715, 0.0005433596, -0.04788897, 0.045433853, 0.03928182, -0.0032779055
-0.03815071, 0.028622383, 0.05553486, -0.008184386, -0.01569893, 0.0009768462, -0.055382907, 0.05335887, 0.045734696, -0.0032723749
-0.03374, 0.025606263, 0.049224835, -0.007273542, -0.01398112, 0.0006363538, -0.04873558, 0.04660874, 0.040176395, -0.003219614
-0.021624712, 0.017634813, 0.034060266, -0.0045891996, -0.009317732, 0.00028945453, -0.033878647, 0.032043003, 0.027730066, -0.002592229
-0.03662395, 0.027612435, 0.053028747, -0.0078594545, -0.015131462, 0.00066050084, -0.052553624, 0.050117005, 0.043160744, -0.0034113342
-0.04223512, 0.03085285, 0.05946214, -0.008976737, -0.017294535, 0.0005759797, -0.058712132, 0.05539646, 0.04864307, -0.0038407035
-0.028478038, 0.023050264, 0.044273514, -0.006204754, -0.0118872505, 6.59802e-05, -0.04445249, 0.04188932, 0.03603951, -0.0041506267
-0.026102709, 0.021581061, 0.04134537, -0.0053227395, -0.011227515, 0.00038007094, -0.041202005, 0.03898468, 0.03400153, -0.003274302
-0.034532398, 0.026289335, 0.05081859, -0.0075445147, -0.014919208, 0.0005813443, -0.050209783, 0.04768447, 0.041463558, -0.0034317577
-0.026086519, 0.019640543, 0.037686933, -0.005620791, -0.011144761, 0.0006316846, -0.03768884, 0.036104605, 0.031181296, -0.0019979337
-0.029179335, 0.024003174, 0.047072846, -0.0055674613, -0.012319553, -0.00060305826, -0.046285164, 0.043742385, 0.039269757, -0.005393416
-0.030257013, 0.025087707, 0.049081277, -0.005923096, -0.012987658, 0.00024256666, -0.04841896, 0.04526105, 0.040251967, -0.00407258
-0.036163516, 0.03010184, 0.058667574, -0.006706935, -0.015792299, 0.00046091416, -0.05800904, 0.054404456, 0.04788064, -0.004960989
-0.025715766, 0.021222282, 0.041125067, -0.0047331867, -0.011043342, 0.00029831505, -0.04101725, 0.038576897, 0.03407185, -0.0035781215
-0.022652531, 0.018578328, 0.03673947, -0.0039478163, -0.009552145, 5.59297e-05, -0.03688738, 0.033905715, 0.02961396, -0.0033308994
-0.029140897, 0.023010712, 0.0451896, -0.0063387677, -0.012362226, 0.00029320354, -0.04407153, 0.042395897, 0.03230697, -0.0032028009
-0.04041117, 0.030819643, 0.059279516, -0.008752814, -0.01672773, 0.0007976096, -0.058808796, 0.05620678, 0.048429888, -0.003928325
-0.027656812, 0.0259188, 0.047920328, -0.0054345382, -0.009691023, 0.0009706585, -0.047494404, 0.050238773, 0.03860255, -0.0044063344
-0.028310364, 0.02322846, 0.045017615, -0.005478177, -0.01224148, 0.00027494694, -0.044810027, 0.04225365, 0.036680907, -0.003383086
-0.03495421, 0.028813059, 0.055620488, -0.0066624912, -0.015063281, 0.00043095785, -0.055486407, 0.052320227, 0.04573886, -0.004265731
-0.034152083, 0.025472734, 0.049108714, -0.0072906124, -0.01416718, 0.00075755466, -0.049720723, 0.047361113, 0.041377652, -0.0027533362
