0, start, -0.007907148, -0.0041664056, -0.0033889515, 0.057197638
1, Assign seriousness, 0.045659743, 0.0120430505, -0.043230005, 0.004740722
2, Closed, -0.005420535, 0.07597252, -0.03550552, 0.0025390948
3, Create SW anomaly, 0.049171552, -0.005904663, -0.036975894, 0.0050654085
4, DUPLICATE, 0.033025816, -0.0056583937, -0.027966596, 0.02202091
5, INVALID, 0.04379083, -0.006726999, -0.035819683, 0.021621926
6, Insert ticket, 0.04681116, -0.002095796, -0.03648267, 0.0039648833
7, RESOLVED, 0.052126933, -0.008055127, -0.04264223, 0.025699452
8, Require upgrade, 0.029146219, -0.0030732355, -0.021933164, 0.0025320828
9, Resolve SW anomaly, 0.043496955, -0.0073384056, -0.036678907, 0.03609889
10, Resolve ticket, 0.056675203, -0.00363658, -0.044071645, 0.004920781
11, Schedule intervention, 0.03605477, -0.0032967157, -0.025783708, -0.004203777
12, Take in charge ticket, 0.039205056, 0.017155768, -0.040624037, 0.0040930244
13, VERIFIED, 0.038602564, 0.0035087278, -0.014045185, -0.087895684
14, Wait, 0.05121278, -0.004622654, -0.03908789, 0.004376027
15, end, -0.012777109, -0.0066620973, -0.005483119, 0.09222644
