0, start, 0.0519622, 0.02169647, 0.05429976, 0.0017697365, 0.050844166
1, 01_BB_5, -0.02288641, 0.040134232, -0.05119782, 0.0363294, 0.06306138
2, 01_BB_6, 0.017531523, -0.001053423, -0.06306193, 0.051515836, 0.0458607
3, 01_BB_7, 0.008253467, 0.0014457495, -0.055158015, 0.041854423, 0.04887248
4, 01_HOOFD_0, -0.019703707, 0.042463943, -0.04570907, 0.0346666, 0.051460657
5, 01_HOOFD_1, -0.014778124, 0.037277028, -0.035105217, 0.028373707, 0.03748165
6, 01_HOOFD_2, -0.01925242, 0.046145234, -0.033694033, 0.028685482, 0.036184035
7, 01_HOOFD_3, -0.020399135, 0.049891725, -0.038624834, 0.033887662, 0.042216547
8, 01_HOOFD_4, -0.015366775, 0.030575613, -0.023537092, 0.018531851, 0.027788598
9, 01_HOOFD_5, -0.022404386, 0.035530422, -0.030013056, 0.018687597, 0.039880164
10, 01_HOOFD_6, 0.049177654, 0.047387376, 0.029216941, 0.035869576, -0.0013153747
11, 01_HOOFD_7, 0.04010054, -0.0305444, -0.054487184, 0.05041309, 0.03709424
12, 01_HOOFD_8, -0.022544507, 0.038004242, -0.043645307, 0.030229954, 0.054260574
13, 02_DRZ_0, 0.013913427, -0.0070495103, -0.05358928, 0.039711185, 0.046785902
14, 03_GBH_0, -0.023862956, 0.047584705, -0.043415047, 0.033303786, 0.050783258
15, 03_VD_0, 0.036399946, 0.062059212, -0.012572889, 0.07118425, -0.051649034
16, 04_BPT_0, -0.021943277, 0.03956535, -0.04709744, 0.03197649, 0.05668032
17, 05_EIND_0, -0.030128341, 0.058138978, -0.051477935, 0.03788873, 0.06120671
18, 06_VD_0, -0.024912033, 0.061882757, -0.04185984, 0.036115002, 0.044519532
19, 06_VD_1, 0.02688823, 0.05742161, -0.006163187, 0.05715819, -0.047353636
20, 07_OPS_0, -0.028656185, 0.06308312, -0.040891442, 0.036434323, 0.046527643
21, 08_AWB45_0, -0.017176533, 0.039084624, -0.032590665, 0.02949953, 0.036591053
22, 08_AWB45_1, -0.024694027, 0.0630962, -0.04350517, 0.03870037, 0.045809552
23, 08_AWB45_WAW_0, -0.0192537, 0.02366395, -0.04686257, 0.039178368, -0.071850695
24, 09_AH_I_0, -0.017205207, 0.040182818, -0.030621454, 0.026192447, 0.03241963
25, 09_AWB45_0, 0.029385483, 0.05226621, -0.018952407, 0.06501233, -0.035618644
26, 10_UOV_0, -0.023537986, 0.033914894, -0.028780788, 0.016200233, 0.040548522
27, 10_UOV_1, -0.08225378, 0.047848262, 0.024917657, -0.054807764, 0.032977015
28, 10_UOV_2, -0.056370236, 0.029629089, 0.021390736, -0.040878713, 0.016914185
29, 11_AH_II_0, -0.017530674, 0.045547195, -0.035883546, 0.030654602, 0.03718389
30, 11_AH_II_1, 0.029002849, 0.052771848, -0.008428149, 0.055932246, -0.044329427
31, 12_AP_0, 0.027692536, 0.060362376, -0.012003672, 0.061451904, -0.05378399
32, 12_AP_UOV_0, -0.06230029, -0.0250214, -0.06445446, -0.006001773, -0.046854682
33, 13_CRD_0, -0.01626763, 0.039562523, -0.032162726, 0.026807072, 0.03473365
34, 14_VRIJ_0, -0.020357784, 0.042254306, -0.036005866, 0.02768527, 0.04192137
35, 14_VRIJ_1, 0.051147576, 0.01985203, 0.05387331, 0.0014977703, 0.05062529
36, 15_NGV_0, -0.023033446, 0.09443296, 0.0066567953, 0.029221477, -0.028098935
37, 16_LGSV_0, -0.05627491, -0.023811778, -0.05955038, -0.0017422913, -0.053387567
38, 99_NOCODE_0, -0.040477503, -0.008002199, -0.049157817, 0.009620448, -0.053099465
39, end, -0.048912108, -0.021304276, -0.052759163, -0.0008894458, -0.04617801
