0, start, -0.04441073, -0.030653542, 0.0473309, 0.062151108, 0.006700879
1, Role 1, -0.013858939, 0.022922479, -0.04487908, 0.02814531, 0.052046947
2, Role 10, 0.032235056, 0.022318263, -0.032583, -0.045729384, -0.0057265307
3, Role 11, -0.046056297, -0.03008535, 0.046372738, 0.065597944, 0.0062828753
4, Role 12, -0.041201163, -0.030573843, 0.04319128, 0.061191205, 0.006662732
5, Role 2, -0.009378284, 0.057691414, -0.041106194, 0.04794121, 0.030221302
6, Role 3, -0.046432164, 0.057589117, -0.036379058, 0.016161902, 0.057658143
7, Role 4, -0.00966587, 0.014821076, -0.03721242, 0.022671683, 0.044440508
8, Role 5, -0.047475077, 0.06581977, -0.027477425, 0.013138503, 0.050312523
9, Role 6, -0.042583425, -0.02758776, 0.041852456, 0.063996695, 0.008491371
10, Role 7, 0.053342745, 0.038730413, -0.058152605, -0.0763866, -0.0064991587
11, Role 8, -0.039292518, -0.029011542, 0.042337414, 0.05928954, 0.0047665243
12, Role 9, -0.05183003, 0.06293479, -0.0043520047, -0.0056687356, 0.032879625
13, end, 0.048400052, 0.035102364, -0.050735924, -0.068636864, -0.008556458
