-0.033104904, -0.013212134, 0.055325266, 0.02389376, -0.032973506, 0.04135825, 0.019570036
0.033305157, 0.02846547, 0.022246454, -0.027610261, -0.022012765, -0.0040121987, 0.04011442
0.04760758, 0.04060045, 0.03190434, -0.0392754, -0.031363714, -0.005819572, 0.05694877
0.044619415, 0.038141932, 0.029609937, -0.03720492, -0.029532883, -0.0052407864, 0.053710353
0.04473116, 0.038204797, 0.02986014, -0.037053622, -0.029538523, -0.0053931163, 0.053755093
0.043225497, 0.036950156, 0.028857455, -0.035860877, -0.028578173, -0.0051981313, 0.052058186
0.032230478, 0.027556151, 0.02145485, -0.02682476, -0.02131859, -0.0038521588, 0.038812675
0.045836773, 0.039179966, 0.030597236, -0.038022377, -0.030302828, -0.005510551, 0.055201575
0.039734233, 0.033960916, 0.02652349, -0.032963004, -0.026268782, -0.0047764, 0.047853958
0.040700205, 0.034872975, 0.027151184, -0.033912547, -0.026974244, -0.0048547382, 0.049167674
0.035256024, 0.030113796, 0.023547128, -0.029198436, -0.023282854, -0.0042540273, 0.042370405
0.030650895, 0.026117926, 0.020318031, -0.02561616, -0.020267462, -0.0034411754, 0.03688404
0.04214099, 0.03602716, 0.027961649, -0.03518596, -0.027888581, -0.0049226843, 0.050725415
0.032875888, 0.028091172, 0.021970375, -0.027221674, -0.021715455, -0.0039800005, 0.039548855
0.040381305, 0.034533143, 0.026941381, -0.033546004, -0.02670851, -0.0048474893, 0.048650224
0.028311873, 0.024215283, 0.018911282, -0.023492916, -0.018724538, -0.0034093831, 0.034122106
0.039437328, 0.033732805, 0.026262155, -0.032887787, -0.026102902, -0.004663094, 0.047503594
0.041662738, 0.035625882, 0.027691647, -0.03476631, -0.027575146, -0.0049229045, 0.050165497
0.044244986, 0.037795737, 0.029578285, -0.036607064, -0.029209679, -0.0053619808, 0.05315846
0.04361534, 0.03726863, 0.029065078, -0.036227647, -0.028834747, -0.0052134725, 0.052517835
0.036843047, 0.03148946, 0.024610797, -0.030546624, -0.024348183, -0.0044405535, 0.044382427
0.03744724, 0.03194734, 0.025081843, -0.030901754, -0.024666727, -0.0045782425, 0.044812907
0.04526811, 0.03865219, 0.030278023, -0.0374434, -0.029875778, -0.005494097, 0.054353908
0.047591843, 0.040676687, 0.03154785, -0.03968468, -0.031481963, -0.005622696, 0.057279818
