-0.025330005, 0.042651758, -0.010506113, -0.006100734, 0.0013588347, 0.012361544, -0.0007383716
0.037107006, 0.031739634, 0.02471445, -0.030589135, -0.024591092, -0.0043444587, 0.044505257
0.041275542, 0.035270367, 0.027450884, -0.034376085, -0.027300721, -0.0048703826, 0.049695734
0.031014474, 0.02679559, 0.020826565, -0.026394079, -0.020754261, -0.0035826585, 0.03811852
0.023536261, 0.0201076, 0.015723387, -0.019498311, -0.015546899, -0.0028419907, 0.02831462
0.034719426, 0.029676242, 0.023194607, -0.02877824, -0.022945303, -0.004186649, 0.041792825
0.043778114, 0.03741031, 0.029290272, -0.03624977, -0.028929608, -0.0052855597, 0.05270382
0.048439868, 0.041385338, 0.032365076, -0.040118147, -0.031992756, -0.0058625005, 0.058314804
0.039238002, 0.033506513, 0.026256524, -0.03251636, -0.025920589, -0.004740619, 0.04722861
0.040063865, 0.03424837, 0.026762258, -0.033221234, -0.026479688, -0.0048428373, 0.04821224
0.03819493, 0.03264295, 0.025528297, -0.031669576, -0.025235465, -0.0046133534, 0.045965128
0.055376388, 0.047446754, 0.036980163, -0.046079885, -0.036684122, -0.0066176504, 0.0668555
0.030757722, 0.026447907, 0.02047903, -0.02606367, -0.020649936, -0.0035368812, 0.037157293
0.044081315, 0.037708048, 0.029473128, -0.036550764, -0.029152308, -0.005330021, 0.05313287
0.034296192, 0.029282682, 0.022910114, -0.028416859, -0.022656286, -0.004143454, 0.041264758
0.0424077, 0.036250446, 0.028359804, -0.035168517, -0.028031254, -0.0051141633, 0.051026512
0.04541843, 0.038826663, 0.030329306, -0.03763752, -0.03002217, -0.0054793693, 0.054696016
0.041588917, 0.035581686, 0.027793512, -0.034522537, -0.027508404, -0.0050634807, 0.050117966
0.033254765, 0.028433442, 0.022210432, -0.027576247, -0.02198131, -0.0040197144, 0.040037036
0.033403642, 0.028546745, 0.022305572, -0.027692564, -0.022070862, -0.0040372, 0.04019573
0.03791239, 0.03240055, 0.025319401, -0.031431895, -0.025048401, -0.004575983, 0.045615897
0.033250224, 0.02841692, 0.022209464, -0.02752803, -0.021969952, -0.0040147854, 0.0400449
0.04110455, 0.035148874, 0.027441705, -0.034045365, -0.02716592, -0.004960826, 0.049475413
0.044269223, 0.03784014, 0.029406682, -0.036854044, -0.0292879, -0.0052462267, 0.053291533
0.03812814, 0.032586485, 0.025465678, -0.03159441, -0.025190098, -0.004609113, 0.045880098
0.038193543, 0.032637905, 0.02555082, -0.031647608, -0.025232302, -0.00461723, 0.045976657
0.038318567, 0.032758426, 0.025484998, -0.03191001, -0.02534908, -0.0045442004, 0.04613414
0.040076055, 0.034253817, 0.02677981, -0.033228725, -0.026484428, -0.004832332, 0.04822208
0.038994085, 0.0333311, 0.02604714, -0.03233034, -0.025762146, -0.004710267, 0.046936817
0.039275378, 0.033554193, 0.026265653, -0.03246395, -0.025943764, -0.0047446988, 0.04727471
0.03504207, 0.029980768, 0.023413897, -0.029080886, -0.023177885, -0.004249227, 0.04223944
0.04472545, 0.038227998, 0.029882437, -0.037030786, -0.029558437, -0.005396473, 0.053855225
0.045168985, 0.038611215, 0.030206168, -0.037459902, -0.029856782, -0.00544685, 0.05434947
0.03971651, 0.03394872, 0.026529083, -0.03288783, -0.026249096, -0.0048022955, 0.047837503
0.05041925, 0.04298928, 0.033444274, -0.042068504, -0.03333212, -0.0058090603, 0.060674246
0.037348013, 0.03205923, 0.02494544, -0.031188035, -0.024799744, -0.0044432427, 0.045255516
0.031574264, 0.027040906, 0.021083266, -0.026275858, -0.020910816, -0.0037859697, 0.03810654
0.037142977, 0.03174752, 0.024645204, -0.030808583, -0.02453421, -0.0044994797, 0.044701923
0.028834548, 0.02460951, 0.019231252, -0.023830352, -0.019014997, -0.0034886757, 0.034655955
0.041476823, 0.035448033, 0.02770282, -0.034377214, -0.027409563, -0.0050258297, 0.04993253
0.040518384, 0.034615394, 0.027065864, -0.03355368, -0.026766619, -0.0049039484, 0.048748568
0.048934154, 0.041828603, 0.032685257, -0.04051993, -0.03234588, -0.0059058415, 0.05896496
0.03439603, 0.02939949, 0.022976074, -0.028518705, -0.022723915, -0.0041520125, 0.04139927
0.041192498, 0.035204828, 0.027506102, -0.03415637, -0.027218409, -0.0049706423, 0.049557462
0.038099512, 0.032560255, 0.025471082, -0.031569015, -0.025171524, -0.0046034562, 0.045873027
0.03324986, 0.028408159, 0.022186045, -0.027551036, -0.02195289, -0.0040083914, 0.03994644
0.038337074, 0.03276204, 0.025603086, -0.031766657, -0.025334707, -0.0046355054, 0.046172917
0.030834118, 0.026356025, 0.020590262, -0.025567187, -0.02037679, -0.0037188765, 0.037117843
0.038219295, 0.03266538, 0.025524776, -0.031677574, -0.02525404, -0.00461227, 0.046008084
0.047752045, 0.040749773, 0.031968966, -0.03943705, -0.03148544, -0.0058120065, 0.057231445
0.046229627, 0.039530613, 0.030917238, -0.038336355, -0.030566704, -0.0055900994, 0.05568891
0.04803812, 0.041064087, 0.03208486, -0.039750125, -0.03175041, -0.0057992483, 0.057875995
0.04301651, 0.036767256, 0.028812686, -0.035658337, -0.028434593, -0.005181517, 0.051782534
0.04456155, 0.03808634, 0.029775312, -0.03687263, -0.02944884, -0.005384073, 0.053683523
0.033471946, 0.028849276, 0.022567078, -0.027853204, -0.022257559, -0.0041457633, 0.040735036
0.031515338, 0.026999382, 0.02105417, -0.026236173, -0.020880902, -0.0037812695, 0.038076364
0.041667715, 0.035625905, 0.02772162, -0.03469025, -0.02756602, -0.00494739, 0.050174702
0.037374813, 0.03169003, 0.024936663, -0.03122799, -0.02470977, -0.0045826905, 0.044990424
0.044431835, 0.03800887, 0.029513968, -0.037067536, -0.029417917, -0.0052867774, 0.053537052
0.041429218, 0.035439838, 0.027749417, -0.03435696, -0.027395096, -0.0050138067, 0.049876276
0.04090382, 0.034965422, 0.027324434, -0.033854447, -0.02703561, -0.004931775, 0.04930294
0.033710107, 0.028817954, 0.022540905, -0.02794108, -0.022284549, -0.004087884, 0.04060046
0.06216818, 0.05280486, 0.04107265, -0.052180167, -0.041105915, -0.0063911043, 0.0747803
0.042672805, 0.036475096, 0.028513873, -0.035284646, -0.028201694, -0.005158897, 0.051444594
0.048764948, 0.041715536, 0.032584134, -0.04041305, -0.03225678, -0.0058929976, 0.05891781
0.044142105, 0.03776932, 0.029285338, -0.036954504, -0.029258845, -0.0051250844, 0.053172834
0.057140246, 0.048841577, 0.038018644, -0.047545616, -0.03779734, -0.0067729834, 0.06876473
0.039788507, 0.033930894, 0.026420984, -0.03303233, -0.026268626, -0.0047118147, 0.04781381
0.041050993, 0.0351542, 0.027413078, -0.034174427, -0.027188737, -0.0049143494, 0.049560826
