-0.03435161, -0.057184108, -0.029546376, 0.03198406, -0.06255753, 0.026712822, 0.012997304, 0.024139715, 0.0016427523
-0.029023323, 0.032561626, 0.048621457, 0.011153383, 0.038440824, 0.03364622, -0.045839116, 0.03099833, -0.0074699814
-0.02698297, 0.030761464, 0.045526497, 0.010337929, 0.03654663, 0.030953988, -0.037243437, 0.02981767, -0.007789063
-0.030405547, 0.033648804, 0.048720058, 0.011545524, 0.040635172, 0.034217972, -0.04829539, 0.031964306, -0.0072830324
-0.029855944, 0.0329315, 0.04988589, 0.011280361, 0.039852977, 0.03469001, -0.043738425, 0.03099483, -0.0076497463
-0.036312245, 0.039527804, 0.05861312, 0.01335432, 0.04639206, 0.041574217, -0.055310138, 0.03514021, -0.008783889
-0.029292623, 0.03238227, 0.049029876, 0.011001577, 0.039082907, 0.033607353, -0.042565554, 0.030461013, -0.007507091
-0.028999694, 0.031690054, 0.04666566, 0.011021328, 0.038549304, 0.0330159, -0.04492657, 0.030325878, -0.008068636
-0.028129205, 0.031082045, 0.04570976, 0.0104678795, 0.03755351, 0.032210775, -0.044835385, 0.02898785, -0.007025481
-0.035244465, 0.038472798, 0.056658894, 0.013105055, 0.04602941, 0.032653924, -0.05387604, 0.036470696, -0.008728527
-0.03198996, 0.031281147, 0.05264149, 0.009338719, 0.04176687, 0.036777142, -0.049785823, 0.033104114, -0.0068824296
-0.02993221, 0.034093954, 0.048472073, 0.011514853, 0.040099367, 0.0351703, -0.044619035, 0.031785395, -0.009770509
-0.025171975, 0.027787827, 0.042240843, 0.009638701, 0.033745214, 0.027218575, -0.037754245, 0.026840327, -0.006849203
-0.027665794, 0.030733466, 0.0479979, 0.010789671, 0.038913522, 0.033127647, -0.046294957, 0.028654307, -0.008797486
-0.024800355, 0.026846297, 0.04034845, 0.008936663, 0.03280586, 0.026889984, -0.03892446, 0.026462212, -0.0065385015
-0.027114559, 0.027699634, 0.040985487, 0.009579269, 0.033891987, 0.02940385, -0.038401898, 0.025821561, -0.006205444
-0.027292982, 0.031157825, 0.045512326, 0.010564038, 0.03781372, 0.032326497, -0.04456936, 0.029557006, -0.007410468
-0.021261545, 0.023388209, 0.036160916, 0.008020834, 0.028237313, 0.0242708, -0.031390585, 0.021997668, -0.0054342276
-0.028074997, 0.031006467, 0.047503676, 0.010601179, 0.037417352, 0.030797377, -0.043399595, 0.029419973, -0.0076450673
-0.02355911, 0.026948676, 0.040240537, 0.009166757, 0.032730166, 0.028750377, -0.03746119, 0.025708597, -0.0057583856
-0.028679665, 0.033045683, 0.049149897, 0.011346959, 0.039872896, 0.034445316, -0.04572798, 0.03135009, -0.006984514
-0.025176706, 0.027457349, 0.0417792, 0.009494055, 0.03334907, 0.028859135, -0.037376843, 0.026307875, -0.006224231
-0.031511065, 0.034616925, 0.049456034, 0.012465122, 0.04132654, 0.03583409, -0.047823235, 0.032583788, -0.007268779
-0.031250983, 0.03401306, 0.052030884, 0.011841128, 0.04200866, 0.037119184, -0.047292706, 0.032990873, -0.0075939684
-0.023923457, 0.029692408, 0.03976362, 0.009162015, 0.03310499, 0.026750319, -0.031721916, 0.027700664, -0.007920958
-0.03349008, 0.036591683, 0.052261144, 0.012496754, 0.044178613, 0.038365018, -0.051004566, 0.034850527, -0.008579982
-0.02760126, 0.02566691, 0.036434557, 0.008871597, 0.031404093, 0.02742229, -0.03379648, 0.023497153, -0.0059542675
-0.029495679, 0.032935753, 0.050894562, 0.011330382, 0.03921017, 0.03336602, -0.045254517, 0.03131708, -0.0073449826
-0.030789739, 0.034029875, 0.052539546, 0.011678792, 0.041247763, 0.03571534, -0.0458272, 0.031448152, -0.0077919993
-0.029622251, 0.032573685, 0.050360814, 0.011233458, 0.039243456, 0.033736218, -0.043464098, 0.030997513, -0.0072676083
-0.031650744, 0.034515545, 0.052498043, 0.012427665, 0.042038366, 0.03653002, -0.045931194, 0.032885306, -0.007838841
-0.019319242, 0.020190617, 0.03170592, 0.007184159, 0.025881309, 0.021747157, -0.027958326, 0.019924145, -0.002784692
-0.026109295, 0.028967394, 0.038914822, 0.009995841, 0.034820642, 0.0303323, -0.04111097, 0.027372897, -0.006112251
-0.02252734, 0.024631172, 0.038143825, 0.008702305, 0.028831434, 0.023647435, -0.034391157, 0.021909263, -0.0045200135
-0.024039263, 0.026209835, 0.038074233, 0.009066453, 0.031743314, 0.02704194, -0.03693616, 0.02490291, -0.0057756333
-0.022231791, 0.025090419, 0.036641277, 0.008553393, 0.031010285, 0.026008986, -0.034875385, 0.023924988, -0.006581902
-0.029343367, 0.032208595, 0.048865914, 0.011046586, 0.039009027, 0.033377353, -0.04287263, 0.030618474, -0.0074574575
-0.029968752, 0.033417415, 0.051470857, 0.011455477, 0.040585198, 0.034652174, -0.044506032, 0.03172875, -0.007688155
-0.026217703, 0.030137211, 0.046228748, 0.010342916, 0.036597032, 0.03166172, -0.040852007, 0.028727053, -0.007095393
-0.033977225, 0.037376694, 0.05363543, 0.012850125, 0.045208756, 0.0387391, -0.052930515, 0.0355317, -0.00854573
-0.031779673, 0.035526298, 0.05421219, 0.010973425, 0.04338515, 0.03705124, -0.049440566, 0.034027923, -0.0082558235
-0.026582181, 0.029304449, 0.044133466, 0.010087637, 0.03443482, 0.030560572, -0.040962454, 0.027890837, -0.007015338
-0.027535692, 0.030195192, 0.043663997, 0.010366572, 0.0365621, 0.031168612, -0.042680882, 0.028668892, -0.006947176
-0.030414378, 0.034037516, 0.049290944, 0.011675523, 0.04132223, 0.03527525, -0.048647154, 0.032392178, -0.0078065433
-0.025986206, 0.028347861, 0.044241987, 0.009904542, 0.034722522, 0.029653177, -0.038586073, 0.027080087, -0.0065817786
-0.030190747, 0.03325444, 0.0498787, 0.01140919, 0.04031065, 0.034573063, -0.046207357, 0.030215742, -0.007632871
-0.02328435, 0.026603958, 0.03864619, 0.009047837, 0.0319881, 0.028605388, -0.03981217, 0.025968347, -0.006211074
-0.022701882, 0.024168335, 0.035934046, 0.00781369, 0.029086877, 0.025109215, -0.033137273, 0.023001883, -0.005398891
-0.027592408, 0.029299434, 0.044164296, 0.010033617, 0.03554038, 0.030479847, -0.0386387, 0.027519956, -0.0068388716
-0.029641716, 0.03286908, 0.050110284, 0.011356075, 0.039812453, 0.033988636, -0.043218203, 0.03149823, -0.0076833316
-0.027087152, 0.02981736, 0.04269069, 0.009966748, 0.036307372, 0.03168195, -0.04240573, 0.02833434, -0.0070621804
-0.026703965, 0.03100804, 0.046766795, 0.010569277, 0.037650958, 0.03157978, -0.043875236, 0.029533116, -0.0073357
-0.028907793, 0.032267887, 0.046193864, 0.010999593, 0.0393459, 0.03212247, -0.046734367, 0.030791365, -0.007284103
-0.024440374, 0.02747656, 0.042941723, 0.009015471, 0.03305485, 0.028452275, -0.035379417, 0.027100438, -0.0064735217
-0.025031656, 0.02754286, 0.042128567, 0.009450279, 0.03414098, 0.028523203, -0.036698565, 0.02600865, -0.00653358
-0.025483698, 0.03029395, 0.045050777, 0.009992041, 0.0360193, 0.031030288, -0.041945495, 0.029185737, -0.007967692
-0.022590928, 0.025982559, 0.03459502, 0.008640131, 0.03166475, 0.025865955, -0.036850862, 0.024073193, -0.0061355005
-0.02116363, 0.024987029, 0.036182553, 0.008070196, 0.028645402, 0.02458432, -0.031111822, 0.022119477, -0.0068896157
-0.023951344, 0.03144989, 0.03864829, 0.00913233, 0.032960776, 0.027026923, -0.03394559, 0.025695423, -0.0065197907
-0.026660513, 0.030036421, 0.04620663, 0.0100457845, 0.03691957, 0.030904153, -0.034916755, 0.031560477, -0.00749733
-0.02310385, 0.026253896, 0.040818043, 0.009164611, 0.033254255, 0.026967278, -0.0392674, 0.026327826, -0.007708388
-0.020712541, 0.026966913, 0.034444734, 0.00858737, 0.029516954, 0.02504196, -0.03745825, 0.02364572, -0.006341739
-0.017769713, 0.02156383, 0.0356997, 0.0073231347, 0.024861544, 0.020341707, -0.029974869, 0.018281978, -0.0052953498
-0.022967916, 0.026056834, 0.034742508, 0.008781647, 0.032036062, 0.026918389, -0.037458654, 0.022442933, -0.0062578074
-0.028713692, 0.032034766, 0.046538167, 0.010992208, 0.038881827, 0.03445747, -0.044760704, 0.030527448, -0.0073543508
-0.031463955, 0.035547372, 0.05230622, 0.012171883, 0.043112423, 0.03859269, -0.049394857, 0.033803325, -0.0069284374
-0.024913713, 0.027478302, 0.040360313, 0.009527859, 0.03377397, 0.0293401, -0.03959237, 0.026634008, -0.0064687035
-0.027332377, 0.030585079, 0.046539567, 0.0104292175, 0.036930077, 0.031388674, -0.04048074, 0.029060144, -0.006915745
-0.025739336, 0.029228829, 0.042381722, 0.009848604, 0.036128365, 0.029771756, -0.038208097, 0.027737832, -0.012775872
-0.027755337, 0.031427775, 0.04291443, 0.0112143485, 0.037349693, 0.030360362, -0.04462215, 0.028869433, -0.0073213098
-0.03584441, 0.03971028, 0.059717365, 0.0138803385, 0.04798436, 0.037958656, -0.055234667, 0.03790184, -0.009118533
-0.0319301, 0.035764433, 0.05466705, 0.012244178, 0.043293178, 0.03693071, -0.046960756, 0.0340742, -0.008266766
-0.022555863, 0.025235012, 0.03806087, 0.008778418, 0.030393248, 0.025802895, -0.033411104, 0.02410463, -0.0059585553
-0.028087407, 0.031215122, 0.047006145, 0.010863326, 0.038019158, 0.032338355, -0.041656554, 0.02979758, -0.0072395257
-0.028790541, 0.032372817, 0.049537152, 0.011365446, 0.03979381, 0.033597782, -0.04669515, 0.030416826, -0.007591148
-0.02152405, 0.023868436, 0.036032896, 0.008277889, 0.028341943, 0.024563387, -0.033323877, 0.023530953, -0.0055608875
-0.026935434, 0.028794156, 0.041080654, 0.010623366, 0.034955505, 0.027835628, -0.040928617, 0.027335595, -0.006703677
-0.023660654, 0.025745038, 0.03539774, 0.008795843, 0.031027941, 0.02670224, -0.036965217, 0.024579054, -0.0059182923
-0.027102003, 0.028400622, 0.042983185, 0.00968844, 0.034395386, 0.026240269, -0.0380302, 0.027557375, -0.0053826235
-0.02402924, 0.029046543, 0.040675763, 0.008922177, 0.034104623, 0.02673256, -0.038252123, 0.024502348, -0.007698585
-0.024215762, 0.030596482, 0.04698964, 0.010996595, 0.037656695, 0.032404732, -0.044954155, 0.027331078, -0.007688615
-0.027443938, 0.028505955, 0.043523584, 0.010050743, 0.035513327, 0.028348284, -0.042081945, 0.02800848, -0.007026606
-0.021400213, 0.026219994, 0.038060658, 0.008624162, 0.030615238, 0.02448653, -0.033511315, 0.025032364, -0.0058835815
-0.0265318, 0.0281035, 0.042724382, 0.0096381, 0.033677682, 0.029159563, -0.03816908, 0.02682336, -0.0066797244
-0.017648587, 0.019706156, 0.026329376, 0.006749662, 0.02450696, 0.02131256, -0.028057568, 0.020248283, -0.0047726054
-0.017633636, 0.01983519, 0.03518591, 0.011051435, 0.023382459, 0.01587159, -0.026444362, 0.019222245, -0.0067355884
-0.0255554, 0.028396456, 0.042580012, 0.012337777, 0.034619484, 0.028446661, -0.03550983, 0.03167698, -0.006945084
-0.028839095, 0.0339108, 0.050561283, 0.012162915, 0.039164677, 0.02708124, -0.0443537, 0.029512538, -0.007651919
-0.030440738, 0.03317455, 0.05879427, 0.019463303, 0.04056724, 0.028216792, -0.04475463, 0.034068517, -0.0016496135
-0.026977487, 0.031092232, 0.040391948, 0.010289544, 0.03761694, 0.032894887, -0.045339394, 0.023655843, -0.0073058526
-0.021039886, 0.024657011, 0.03672818, 0.0079624755, 0.029372096, 0.02523747, -0.035168793, 0.01974714, -0.00579308
-0.024773609, 0.030223133, 0.038675766, 0.009970639, 0.03712936, 0.029779222, -0.04272823, 0.029071346, -0.007075675
-0.02324771, 0.02848467, 0.04164948, 0.011100252, 0.03304979, 0.024280827, -0.03490938, 0.02538565, -0.007342164
-0.028490644, 0.025960859, 0.058754988, 0.019904999, 0.038441952, 0.029564708, -0.042034127, 0.034219768, -0.0071861856
-0.020454457, 0.02217705, 0.033569194, 0.009444816, 0.025632855, 0.023182781, -0.028692886, 0.021187963, -0.00962386
-0.034855213, 0.03751645, 0.054024875, 0.012902568, 0.045820404, 0.03858575, -0.053925056, 0.03587016, -0.008777244
-0.029582318, 0.034105986, 0.048245903, 0.011249012, 0.03931116, 0.033354003, -0.041663367, 0.030855061, -0.0069541004
-0.01903006, 0.020527024, 0.030791763, 0.0071133557, 0.025192449, 0.021728162, -0.02914898, 0.01979178, -0.0049445666
-0.03267548, 0.033000175, 0.046684477, 0.011496442, 0.04051576, 0.034902994, -0.044356935, 0.03111334, -0.0077828662
-0.025815556, 0.028536655, 0.041437503, 0.009718302, 0.034576792, 0.029617071, -0.04016092, 0.027175087, -0.006750631
-0.028437393, 0.030891715, 0.0474087, 0.010519144, 0.038138933, 0.033147257, -0.04210908, 0.030076914, -0.007414131
-0.02326505, 0.026994903, 0.04114431, 0.008999364, 0.031415094, 0.025053082, -0.034685694, 0.026994728, -0.006768459
-0.032601144, 0.034513265, 0.05028528, 0.0121543305, 0.04261756, 0.03675271, -0.05012725, 0.033470497, -0.008080253
-0.029748868, 0.03259688, 0.050668947, 0.011513147, 0.03979493, 0.03517364, -0.046564534, 0.031777564, -0.008044914
-0.025228877, 0.028594052, 0.04192344, 0.00976874, 0.03439361, 0.02971948, -0.040943272, 0.027082328, -0.0067222873
-0.02671741, 0.02926977, 0.04123695, 0.00991973, 0.035637032, 0.0306192, -0.0417014, 0.027965631, -0.007620356
-0.023338098, 0.026924707, 0.042171028, 0.0079550035, 0.032475144, 0.02728356, -0.037131306, 0.025641356, -0.0064468724
-0.021997362, 0.0241572, 0.032775693, 0.008321283, 0.030322868, 0.02416404, -0.034011375, 0.02292949, -0.0074327486
-0.023849253, 0.026554288, 0.03774533, 0.008985113, 0.03226976, 0.027517792, -0.037850928, 0.025310397, -0.00671583
-0.023409259, 0.025934247, 0.037765358, 0.008858674, 0.031444415, 0.026889877, -0.036648326, 0.024682475, -0.0061200717
-0.026880829, 0.029380668, 0.039731074, 0.009952978, 0.036069207, 0.029844917, -0.04242478, 0.026673472, -0.0067293597
-0.023193082, 0.025912067, 0.03981071, 0.008975947, 0.03171541, 0.028177371, -0.035782192, 0.02684024, -0.0062440312
-0.023863247, 0.029141735, 0.042765085, 0.009365696, 0.0342453, 0.029789556, -0.03625695, 0.026725505, -0.0066565378
-0.0249986, 0.029814348, 0.044974454, 0.0101578925, 0.03609382, 0.028994832, -0.041837417, 0.02896404, -0.00806111
-0.025056588, 0.02894655, 0.04277437, 0.009099481, 0.03436717, 0.02815122, -0.03323542, 0.026899675, -0.006741888
-0.027789183, 0.029734649, 0.04447032, 0.010729281, 0.036405228, 0.030091029, -0.038197946, 0.027407302, -0.005081216
-0.027703345, 0.03242132, 0.047119346, 0.010645463, 0.038491063, 0.033133578, -0.0382402, 0.030173514, -0.006546646
-0.024339583, 0.029382076, 0.044915505, 0.0095770145, 0.035263214, 0.02979981, -0.04076168, 0.027299589, -0.0065088067
-0.022883227, 0.02654825, 0.03902066, 0.009000476, 0.03245662, 0.026880592, -0.03632699, 0.025234602, -0.007389239
-0.024042116, 0.028289828, 0.042762063, 0.010365574, 0.034241218, 0.027209219, -0.03978087, 0.027007557, -0.0051604165
-0.03020944, 0.029969815, 0.049247783, 0.011379681, 0.038791824, 0.031729504, -0.048973072, 0.03302234, -0.007694534
-0.027355308, 0.032617643, 0.04943806, 0.010596899, 0.039356302, 0.03588163, -0.04065096, 0.03104781, -0.0075385254
-0.022678284, 0.024877587, 0.037415933, 0.007831002, 0.030220425, 0.025593959, -0.034464628, 0.023617635, -0.0068453373
-0.022790784, 0.026079763, 0.040937614, 0.009238598, 0.032149285, 0.028993214, -0.037905164, 0.0257211, -0.006124729
-0.0296624, 0.030519562, 0.050147835, 0.011355161, 0.040460497, 0.03437748, -0.047200628, 0.03219141, -0.008187167
-0.028708313, 0.032647446, 0.050155655, 0.010653171, 0.035397083, 0.03360466, -0.047482498, 0.026788566, -0.008306569
-0.03114119, 0.03475656, 0.052299753, 0.011806045, 0.04194605, 0.03447123, -0.049213447, 0.0330531, -0.008038832
-0.019366411, 0.021870172, 0.030323355, 0.0073753805, 0.026433451, 0.02266279, -0.032141466, 0.020017646, -0.0052863997
-0.034826852, 0.030595457, 0.05924951, 0.0138378665, 0.047518875, 0.040916286, -0.054921146, 0.037713915, -0.00834662
-0.027180146, 0.028999528, 0.04538405, 0.01042949, 0.036718376, 0.031099066, -0.04307567, 0.028062409, -0.0069699255
-0.023315815, 0.026269842, 0.04108678, 0.008056578, 0.03231687, 0.024460198, -0.034392487, 0.025766496, -0.0070571806
-0.017046746, 0.019380644, 0.02867218, 0.0063769748, 0.023266405, 0.019864535, -0.025464594, 0.018829927, -0.0049611237
-0.02314743, 0.02665785, 0.040224098, 0.008491081, 0.032078896, 0.027098624, -0.03281119, 0.025385218, -0.0062640416
-0.0220011, 0.025639648, 0.037777204, 0.008658665, 0.030353852, 0.025995597, -0.035479262, 0.024248753, -0.0052281567
-0.028869756, 0.03191701, 0.047197446, 0.010944542, 0.038262907, 0.029655177, -0.04387876, 0.030001383, -0.0068667387
-0.022187721, 0.026163207, 0.039326716, 0.008070109, 0.029779017, 0.026526704, -0.030778958, 0.022693882, -0.0070133368
-0.032500487, 0.03713895, 0.054358944, 0.012259564, 0.04411784, 0.036716934, -0.051409815, 0.033589933, -0.007066767
-0.022878746, 0.025748432, 0.036335945, 0.00919837, 0.031006873, 0.026191872, -0.036317766, 0.02440889, -0.0059734336
-0.038711295, 0.034559634, 0.061031137, 0.008047335, 0.049279157, 0.036421385, -0.058674246, 0.038826477, -0.008770586
-0.03185628, 0.035842247, 0.053215124, 0.010084669, 0.04289619, 0.03620108, -0.0503418, 0.033858858, -0.0070561995
-0.032587282, 0.036927108, 0.05494557, 0.010185667, 0.044259958, 0.037621424, -0.051891822, 0.034912743, -0.007161379
-0.021711336, 0.024986012, 0.037323296, 0.008841564, 0.03027727, 0.025553616, -0.035138194, 0.023771394, -0.0053654406
-0.033263955, 0.03684983, 0.054221634, 0.010892633, 0.044100482, 0.03754765, -0.05284219, 0.034001946, -0.007907396
-0.02913867, 0.033037577, 0.051788174, 0.010936582, 0.041411586, 0.035241522, -0.042168133, 0.031473238, -0.010398075
-0.027230037, 0.02972786, 0.04766807, 0.009862952, 0.038882125, 0.03091076, -0.046667986, 0.03082814, -0.0067869793
-0.028074143, 0.0323225, 0.045949046, 0.010552172, 0.039048065, 0.033043675, -0.04669877, 0.030399151, -0.007707117
-0.019931281, 0.022661263, 0.034161072, 0.0076389518, 0.024101013, 0.02322078, -0.031776685, 0.021705382, -0.005414046
-0.03136951, 0.036033478, 0.05052266, 0.01147501, 0.043163005, 0.035578635, -0.045919746, 0.032801613, -0.007958881
-0.029565642, 0.033320885, 0.049460735, 0.011185375, 0.039652508, 0.033320714, -0.042460095, 0.031134311, -0.0072740247
-0.019692909, 0.02182326, 0.031651556, 0.0075934688, 0.025868518, 0.021991748, -0.031072106, 0.020351632, -0.004627429
-0.01854964, 0.020492883, 0.030625433, 0.007101467, 0.024888359, 0.020445704, -0.028733075, 0.019626845, -0.004446626
-0.026172983, 0.028820612, 0.043209944, 0.012376447, 0.03469741, 0.030890055, -0.037501425, 0.02826356, -0.007793429
-0.02662457, 0.03188147, 0.047461387, 0.0105112735, 0.038488425, 0.03265687, -0.044274654, 0.030066106, -0.008153929
-0.027265465, 0.031020043, 0.046787124, 0.010489902, 0.03736924, 0.03184437, -0.042482957, 0.025454378, -0.00840245
-0.02186873, 0.025433723, 0.03634486, 0.008366002, 0.030147135, 0.023885865, -0.03260588, 0.024495753, -0.0072036614
-0.027416836, 0.030978644, 0.04731699, 0.0101704085, 0.03722067, 0.032177262, -0.041032128, 0.02968404, -0.008332494
-0.030036202, 0.032560963, 0.049725886, 0.01134912, 0.039515004, 0.030807175, -0.04597967, 0.029426627, -0.007195225
-0.021547467, 0.023050988, 0.03759413, 0.0082776, 0.02994272, 0.022485223, -0.034413613, 0.02301971, -0.007465576
-0.030135969, 0.03493681, 0.045270424, 0.012810117, 0.0399686, 0.033773698, -0.04323437, 0.031262953, -0.0047766226
-0.026822792, 0.029786322, 0.04649198, 0.010320557, 0.035917994, 0.030118158, -0.03551723, 0.027756482, -0.0064062835
-0.016291212, 0.017466135, 0.02695231, 0.006587158, 0.021608125, 0.017449763, -0.025898973, 0.017045015, -0.0031518019
-0.02800109, 0.029996628, 0.04837926, 0.009349529, 0.037747703, 0.031756703, -0.040138472, 0.029429687, -0.006613621
-0.018856563, 0.019530777, 0.030480525, 0.007549031, 0.024337545, 0.020906921, -0.028954497, 0.019437686, -0.0028955592
-0.019436248, 0.023382064, 0.03500171, 0.007996473, 0.026439205, 0.025829801, -0.03027657, 0.02172694, -0.004989045
-0.018579978, 0.02089265, 0.030085415, 0.007818967, 0.024665095, 0.019922389, -0.02715052, 0.019566484, -0.0030311118
-0.032731548, 0.03265158, 0.049809754, 0.01136478, 0.039853226, 0.031504665, -0.043083284, 0.028174188, -0.007113609
-0.019414257, 0.021187272, 0.030380039, 0.007397696, 0.025507983, 0.019822594, -0.031465765, 0.02017778, -0.0045986413
-0.023634855, 0.022836542, 0.038145613, 0.008797517, 0.031104904, 0.028686045, -0.035254054, 0.024491461, -0.0055362596
-0.020197507, 0.023641547, 0.035977807, 0.007980263, 0.023672733, 0.024784304, -0.033046048, 0.022579804, -0.006242757
-0.025237989, 0.025253883, 0.040353764, 0.009279261, 0.029729653, 0.027895954, -0.038820542, 0.02558219, -0.0057943794
-0.029473972, 0.039882444, 0.044393264, 0.011657287, 0.038853735, 0.03201742, -0.042573053, 0.03165495, -0.0072105085
-0.029385524, 0.032643568, 0.047613475, 0.010973978, 0.03852255, 0.030974332, -0.044034988, 0.030269507, -0.0070833676
-0.0332306, 0.037365593, 0.05623217, 0.012483493, 0.04459376, 0.038267914, -0.04848631, 0.034592733, -0.008303129
-0.026564462, 0.028614284, 0.041893575, 0.010015698, 0.03485601, 0.03005981, -0.041374978, 0.027426887, -0.006345912
-0.029458946, 0.034444608, 0.051138103, 0.011740775, 0.041502547, 0.035508335, -0.048556063, 0.032109614, -0.007608601
-0.02848094, 0.03234264, 0.04555396, 0.011155577, 0.037884798, 0.031650417, -0.04374581, 0.030010322, -0.007123351
-0.030932061, 0.034396444, 0.051169485, 0.012049044, 0.04106144, 0.034747854, -0.044846803, 0.032419633, -0.0074761347
-0.028539121, 0.03153703, 0.047527995, 0.011066078, 0.03815076, 0.031353794, -0.044275623, 0.030168222, -0.0069897957
-0.028428098, 0.029987678, 0.04614874, 0.010545755, 0.036740422, 0.031431604, -0.040873688, 0.029217178, -0.0076298495
-0.02627966, 0.028899178, 0.04370516, 0.009722049, 0.034988, 0.029894292, -0.038564894, 0.02758404, -0.0071439994
-0.027517125, 0.030617716, 0.045596514, 0.0107833445, 0.036307517, 0.029831018, -0.04208518, 0.028229883, -0.0069180955
-0.028880548, 0.03353502, 0.049696527, 0.010901898, 0.039640628, 0.033981588, -0.046915315, 0.03181815, -0.004535715
-0.028351866, 0.03015152, 0.046688702, 0.011104999, 0.036296286, 0.031228077, -0.044193342, 0.029369468, -0.0069625988
-0.02669711, 0.019764876, 0.04254193, 0.009756141, 0.034372646, 0.031136679, -0.03984214, 0.027262866, -0.006192773
-0.017974213, 0.019256528, 0.03083935, 0.006963765, 0.023860225, 0.018319232, -0.030725216, 0.019954225, -0.004963526
-0.030740146, 0.03140277, 0.049640648, 0.01134326, 0.040354494, 0.033295177, -0.0478415, 0.031749893, -0.007902347
-0.03126913, 0.03470577, 0.054135844, 0.012330511, 0.043258622, 0.036576025, -0.047184512, 0.031564083, -0.008979609
-0.021764377, 0.021964537, 0.03393241, 0.007832598, 0.027688757, 0.024114724, -0.03196156, 0.020784527, -0.0049862927
-0.02847515, 0.0310258, 0.04580256, 0.009840973, 0.037716985, 0.033524856, -0.043326683, 0.028015574, -0.006716458
-0.0271081, 0.029597644, 0.044241637, 0.009997497, 0.035844337, 0.030541377, -0.039077997, 0.028148789, -0.0070508425
-0.026496453, 0.029849669, 0.044210903, 0.0087425215, 0.03510973, 0.03210938, -0.041911736, 0.028162612, -0.007477652
-0.030187175, 0.028708467, 0.04292314, 0.009782748, 0.032562014, 0.030601675, -0.037672985, 0.024262598, -0.0065920493
-0.029483322, 0.033267464, 0.0475464, 0.010995927, 0.0387364, 0.030061584, -0.044493865, 0.030449353, -0.0071055545
-0.027924063, 0.030592585, 0.04289228, 0.010243794, 0.036651462, 0.03160346, -0.039364368, 0.028265266, -0.0065619624
-0.02993751, 0.030100595, 0.047972742, 0.010907333, 0.03810411, 0.031996198, -0.04338799, 0.026977498, -0.0068753026
-0.030446243, 0.031255737, 0.0515193, 0.010468976, 0.041014444, 0.033060778, -0.0484569, 0.032217227, -0.007384483
-0.025170788, 0.028150061, 0.04386196, 0.00979725, 0.033119064, 0.029690206, -0.035414357, 0.025579182, -0.006564866
-0.030923642, 0.03146199, 0.04694439, 0.009426204, 0.04010685, 0.03327648, -0.048619132, 0.03155583, -0.0070634773
-0.019666746, 0.02280226, 0.03435995, 0.0073934835, 0.027476996, 0.023101423, -0.03277473, 0.021235928, -0.005362366
-0.02719036, 0.028212681, 0.044833522, 0.00965612, 0.03605519, 0.030942287, -0.042054493, 0.028438691, -0.006785505
-0.026422217, 0.028223932, 0.039246533, 0.008955987, 0.033170745, 0.028410334, -0.036774687, 0.025854383, -0.0062783225
-0.029027564, 0.03220172, 0.049114186, 0.014058413, 0.037747134, 0.033607427, -0.04555409, 0.03068284, -0.007616596
-0.02665216, 0.029054658, 0.04161452, 0.009634056, 0.034990046, 0.02981855, -0.040905263, 0.02711581, -0.0067606387
-0.021754354, 0.02309675, 0.035741933, 0.0078190155, 0.029021949, 0.024876602, -0.0342777, 0.023055745, -0.0057164105
-0.016226053, 0.020861685, 0.03116601, 0.007837688, 0.024590138, 0.020158393, -0.028447712, 0.019970141, -0.004971248
-0.029440418, 0.03309953, 0.049270608, 0.011145116, 0.037791144, 0.033811152, -0.046603147, 0.026819834, -0.0075019845
-0.02498944, 0.029388662, 0.04223463, 0.009621486, 0.034069505, 0.025714705, -0.039541267, 0.026828976, -0.0065845726
-0.03376451, 0.0361703, 0.0505002, 0.0130405845, 0.048370376, 0.03824272, -0.05667546, 0.037774373, -0.009369744
-0.018440451, 0.020828083, 0.03192701, 0.0070584114, 0.025870098, 0.022424525, -0.029864313, 0.018942732, -0.004910125
-0.032943763, 0.03442022, 0.04534268, 0.010887509, 0.039403286, 0.030704571, -0.039499264, 0.029752292, -0.0070166825
-0.027405536, 0.030048098, 0.041378878, 0.00964314, 0.03498459, 0.031147467, -0.04054764, 0.029231776, -0.006476571
-0.025319686, 0.028966831, 0.037752517, 0.009620023, 0.03470416, 0.028469415, -0.04129896, 0.028567882, -0.006215485
-0.027835552, 0.032886975, 0.049858563, 0.010960046, 0.039898947, 0.034086693, -0.046588227, 0.030638266, -0.0071927477
-0.025176784, 0.025588343, 0.039197415, 0.008983487, 0.031869393, 0.027087834, -0.033882063, 0.025023801, -0.006119436
-0.025774185, 0.028371088, 0.037456237, 0.009523835, 0.032056693, 0.02879547, -0.040038414, 0.026418978, -0.0061435397
-0.02917486, 0.03323116, 0.048512667, 0.011257909, 0.04050284, 0.03229686, -0.047830142, 0.031890195, -0.008076368
-0.017143074, 0.019522512, 0.029152231, 0.0066702445, 0.023553476, 0.019251293, -0.027363285, 0.018510811, -0.005271668
-0.028028117, 0.03176893, 0.045196924, 0.010632391, 0.038244464, 0.032508306, -0.041441265, 0.031297434, -0.007518262
-0.026839983, 0.03082937, 0.047479134, 0.010636024, 0.037409402, 0.032259718, -0.039907683, 0.029599981, -0.0076186894
-0.022274466, 0.023578579, 0.035098217, 0.008184299, 0.028503612, 0.023768883, -0.031216756, 0.02306957, -0.0050599608
-0.032801684, 0.03626315, 0.054166302, 0.0122563355, 0.04386098, 0.037716843, -0.050667115, 0.034450326, -0.007119781
-0.027489709, 0.030336685, 0.043204203, 0.010402978, 0.03673329, 0.031327892, -0.043532714, 0.028807344, -0.0069221575
-0.023278577, 0.024520451, 0.03882192, 0.008364871, 0.02772375, 0.025884744, -0.031518765, 0.023339735, -0.0057961233
-0.024710277, 0.029758139, 0.04267312, 0.010175851, 0.035920434, 0.030374564, -0.04226395, 0.028703712, -0.0073859575
-0.02653926, 0.02721731, 0.043555196, 0.009990494, 0.035000566, 0.030333355, -0.03972837, 0.027032325, -0.0078187315
-0.032561257, 0.029701728, 0.038748953, 0.009978063, 0.03543054, 0.030165344, -0.03965692, 0.027647093, -0.007051252
-0.02776926, 0.030620048, 0.04390266, 0.0104057295, 0.037957307, 0.032421842, -0.04204412, 0.02914553, -0.007340727
-0.029790685, 0.029853843, 0.046429746, 0.010772729, 0.037567355, 0.029671613, -0.044124596, 0.029653823, -0.009809753
-0.029584752, 0.03210431, 0.045634508, 0.0109262895, 0.0390004, 0.033315647, -0.04513809, 0.030534603, -0.007588968
-0.022637311, 0.02576423, 0.039957795, 0.008813931, 0.031251542, 0.02674011, -0.034335364, 0.02450022, -0.0059804665
-0.022635926, 0.024468454, 0.038955804, 0.008470161, 0.026312442, 0.026820285, -0.03106462, 0.023631282, -0.005583431
-0.025605332, 0.027719408, 0.042542305, 0.0092856595, 0.03433352, 0.02961232, -0.03974118, 0.026285514, -0.0064064506
-0.027234538, 0.029814921, 0.04752001, 0.010314015, 0.036572173, 0.031150788, -0.04010379, 0.028692316, -0.0071490756
-0.03111794, 0.034377012, 0.05060457, 0.011974202, 0.041696053, 0.036437336, -0.048390936, 0.031090094, -0.010962905
-0.025576955, 0.027696136, 0.040931474, 0.007379265, 0.034083452, 0.028473405, -0.039706632, 0.026420146, -0.0063085193
-0.028320327, 0.031496696, 0.046534568, 0.010809121, 0.038280685, 0.032591246, -0.044945292, 0.029455688, -0.007331036
-0.027800603, 0.031931385, 0.049477678, 0.010873988, 0.038774565, 0.032630384, -0.043424383, 0.030400004, -0.0077834283
-0.025719272, 0.027960505, 0.042718034, 0.0093803685, 0.033953805, 0.029020116, -0.03657362, 0.02660933, -0.0064756954
-0.02298988, 0.02522924, 0.038821235, 0.008063534, 0.030885989, 0.026493467, -0.034744848, 0.02391769, -0.0057705604
-0.028428543, 0.03142985, 0.045112558, 0.010744877, 0.038154498, 0.032499466, -0.04517281, 0.029933019, -0.0074203163
-0.015094212, 0.016263623, 0.02496415, 0.005580157, 0.019793438, 0.016613776, -0.02248998, 0.01526067, -0.003611644
-0.029407222, 0.03014621, 0.04678358, 0.009570704, 0.036804963, 0.031084321, -0.043534417, 0.029198213, -0.0074782493
-0.028733185, 0.03251708, 0.051726546, 0.009897629, 0.040327508, 0.034242757, -0.044596616, 0.03148325, -0.00739475
-0.020426277, 0.022120906, 0.032220587, 0.007867313, 0.027963553, 0.021592202, -0.03013636, 0.022499125, -0.005302479
-0.025819028, 0.028531628, 0.041116286, 0.009732162, 0.034561384, 0.029560843, -0.039989203, 0.027141953, -0.0068226457
-0.027105944, 0.030081362, 0.045165762, 0.010380494, 0.036371414, 0.031892594, -0.03759455, 0.029420882, -0.0068522184
-0.034242537, 0.03856023, 0.059071526, 0.013149094, 0.04662135, 0.03956185, -0.05039403, 0.036717787, -0.008872183
-0.026809687, 0.031312183, 0.04735434, 0.01028003, 0.037307914, 0.02928558, -0.037908033, 0.025063664, -0.009623984
-0.019853847, 0.021785067, 0.03581983, 0.00769231, 0.028507277, 0.024415435, -0.03279502, 0.019544482, -0.007491193
-0.024103982, 0.027474161, 0.0417879, 0.009462254, 0.033745974, 0.0273533, -0.039518695, 0.026474187, -0.006697051
-0.020313013, 0.021353034, 0.033397038, 0.007806958, 0.027930912, 0.023686737, -0.032939862, 0.022343075, -0.0056977957
-0.025925405, 0.03133547, 0.045290384, 0.010365843, 0.036769982, 0.03048787, -0.0423241, 0.028912058, -0.007211094
-0.018747661, 0.021835739, 0.035747066, 0.006103181, 0.03030652, 0.024237566, -0.028512286, 0.020096254, -0.005175668
-0.019699175, 0.026307208, 0.03675717, 0.008495257, 0.03169277, 0.027425107, -0.036466572, 0.025287926, -0.0061828643
-0.028270671, 0.03239699, 0.04733233, 0.011476571, 0.03793812, 0.033370215, -0.045965392, 0.03046655, -0.008889974
-0.023631226, 0.027972402, 0.041541386, 0.008325376, 0.03347389, 0.028521834, -0.03869122, 0.025643466, -0.005138302
-0.028242882, 0.03442077, 0.05242789, 0.012787355, 0.042663716, 0.036355283, -0.048815597, 0.033866808, -0.008745422
-0.028289601, 0.03004753, 0.045523413, 0.01028437, 0.036507018, 0.030823963, -0.040460926, 0.02860333, -0.007091979
-0.020726545, 0.023558887, 0.03686306, 0.008309991, 0.02939441, 0.025015725, -0.031191036, 0.025896182, -0.004771093
-0.025332034, 0.028637912, 0.040470894, 0.009735306, 0.03465868, 0.03090603, -0.03900336, 0.027876038, -0.0072891503
-0.023671461, 0.029352752, 0.043699875, 0.010575373, 0.03552653, 0.030213319, -0.04093932, 0.028204598, -0.006448811
-0.02498057, 0.030869896, 0.045077685, 0.01042848, 0.03655333, 0.03120789, -0.041055076, 0.029568622, -0.0066928775
-0.030810013, 0.03441947, 0.049235117, 0.0117438175, 0.041776817, 0.035802193, -0.049568858, 0.03272814, -0.008273204
-0.018159343, 0.019811042, 0.029215682, 0.006757231, 0.02400722, 0.020553596, -0.028070211, 0.01766828, -0.00468371
-0.022006325, 0.025179055, 0.037067506, 0.008187662, 0.03061298, 0.02624742, -0.036165208, 0.024026886, -0.00508224
-0.022669626, 0.02558466, 0.039489225, 0.008659992, 0.031092646, 0.026709292, -0.033650972, 0.024280919, -0.00633746
-0.025584994, 0.028194243, 0.045174215, 0.009548067, 0.0330463, 0.02736264, -0.037579417, 0.026765196, -0.0066043125
-0.033775564, 0.037927505, 0.053810753, 0.011744396, 0.04639753, 0.040362094, -0.053351566, 0.036081385, -0.010308123
-0.024435267, 0.026832918, 0.03988736, 0.009346893, 0.033204213, 0.028603967, -0.03888722, 0.025986584, -0.006388239
-0.025404248, 0.028057663, 0.04100346, 0.009584098, 0.033793274, 0.027923705, -0.039774396, 0.026451893, -0.0061651547
-0.028965365, 0.031871863, 0.047288306, 0.009473459, 0.037743825, 0.032232072, -0.04012925, 0.029552951, -0.006799872
-0.03738393, 0.03912571, 0.057661694, 0.013546288, 0.04696372, 0.035325345, -0.05320259, 0.036637306, -0.008056022
-0.027363192, 0.031194134, 0.04227385, 0.009623552, 0.03683221, 0.030607015, -0.039000805, 0.028392926, -0.0057994383
-0.03483733, 0.037708644, 0.055832375, 0.0074425424, 0.04556771, 0.038341768, -0.05201457, 0.035282686, -0.006214977
-0.022603406, 0.024900505, 0.034651645, 0.008512382, 0.030059215, 0.025064878, -0.034874655, 0.02338275, -0.005157701
-0.036402415, 0.035609625, 0.052522663, 0.012866933, 0.04275275, 0.035836972, -0.04525362, 0.032430667, -0.00678972
-0.025175584, 0.02794341, 0.043822095, 0.006797061, 0.03140056, 0.028739676, -0.039661545, 0.023363335, -0.005599163
-0.026914762, 0.030424435, 0.04560756, 0.007311495, 0.036110155, 0.028743077, -0.03885201, 0.027562112, -0.006209634
-0.032773796, 0.036305442, 0.05031336, 0.011991279, 0.043875884, 0.03722268, -0.045435496, 0.03484013, -0.0061080265
-0.032792825, 0.036070604, 0.05236292, 0.012680678, 0.043679036, 0.033738904, -0.05198945, 0.034336474, -0.0065123728
-0.031667054, 0.035069894, 0.05012019, 0.010870259, 0.039391797, 0.03582939, -0.050734617, 0.032990053, -0.007764153
-0.021933699, 0.023688113, 0.035975795, 0.008613728, 0.026756397, 0.025475483, -0.03478632, 0.022868212, -0.0052698124
-0.030678116, 0.034149904, 0.05077541, 0.008161529, 0.039417733, 0.035009988, -0.04699003, 0.031990558, -0.007880492
-0.030245526, 0.031783044, 0.041443076, 0.009502803, 0.03690209, 0.03122811, -0.04050172, 0.02846234, -0.0059808325
-0.02733786, 0.032437008, 0.03786679, 0.01014605, 0.035072144, 0.032038424, -0.03969294, 0.027860677, -0.0065290835
-0.028211093, 0.030509, 0.0471664, 0.009899091, 0.035937607, 0.0315784, -0.041892152, 0.024028245, -0.0058181984
-0.032203656, 0.033564772, 0.0540263, 0.011417503, 0.035703097, 0.0370757, -0.044785473, 0.030557476, -0.0076864907
-0.024266912, 0.025422107, 0.037114713, 0.008271353, 0.02730897, 0.02610414, -0.031579934, 0.023369936, -0.005661914
-0.020546997, 0.023478871, 0.032174032, 0.0075374423, 0.02671536, 0.02337761, -0.033042084, 0.020788552, -0.004790851
-0.02503246, 0.027532974, 0.042539995, 0.009354254, 0.03277406, 0.028422734, -0.035651647, 0.025978774, -0.0063219154
-0.02387049, 0.026277555, 0.038215026, 0.009007618, 0.03192743, 0.027691316, -0.036883842, 0.025037589, -0.006163048
-0.02040393, 0.02348251, 0.033384107, 0.007003036, 0.024740996, 0.023218388, -0.031487145, 0.021196317, -0.004042072
-0.024631122, 0.025871515, 0.041413024, 0.009111737, 0.031605955, 0.027498934, -0.034570735, 0.023781527, -0.005771402
-0.02490516, 0.027633714, 0.043562975, 0.00923714, 0.032030385, 0.028303847, -0.03254222, 0.025579538, -0.006057414
-0.020534407, 0.01901011, 0.03360721, 0.0074049896, 0.025400558, 0.023763025, -0.03093947, 0.020758092, -0.0052056913
-0.020312697, 0.0232366, 0.036496777, 0.007899137, 0.024767473, 0.024378506, -0.032298915, 0.021898927, -0.005125112
-0.027062466, 0.029383775, 0.04396289, 0.0099027585, 0.03059368, 0.03064798, -0.04173157, 0.026051244, -0.006076417
-0.025987754, 0.02687731, 0.041526597, 0.009687744, 0.031545166, 0.02915709, -0.04108999, 0.026610587, -0.0061530424
-0.023794113, 0.026557345, 0.040540963, 0.009319556, 0.029915428, 0.026628373, -0.03440255, 0.024554813, -0.005281489
-0.029006686, 0.03158796, 0.043048944, 0.010806878, 0.03759241, 0.032639638, -0.04479349, 0.029736245, -0.0068623777
-0.030624371, 0.033914696, 0.047921117, 0.013212901, 0.040286295, 0.030992212, -0.047578618, 0.031866074, -0.007599649
-0.030753702, 0.03370137, 0.051418062, 0.011542436, 0.040897865, 0.035002273, -0.045047656, 0.032134276, -0.007878785
-0.025972731, 0.027240632, 0.035571508, 0.00928864, 0.03531527, 0.028577058, -0.03656975, 0.027039375, -0.00772141
-0.01566836, 0.022995997, 0.034015104, 0.007865594, 0.028190525, 0.023394259, -0.031336255, 0.021663427, -0.005389993
-0.015147507, 0.017105382, 0.02457428, 0.005759196, 0.021147244, 0.016049787, -0.023044156, 0.016811073, -0.0041031027
-0.023090195, 0.02401659, 0.03613191, 0.009274645, 0.03264411, 0.025860267, -0.038105704, 0.025829324, -0.006860494
-0.023629729, 0.028163726, 0.039240163, 0.009542878, 0.033904437, 0.026220268, -0.040268853, 0.026609015, -0.00648224
-0.027493067, 0.031666372, 0.045885134, 0.010495329, 0.033744637, 0.02964317, -0.039118387, 0.030474173, -0.008430167
-0.022846216, 0.026937254, 0.036662035, 0.008769916, 0.028029216, 0.02973027, -0.037243504, 0.022064338, -0.006300708
-0.027129937, 0.03041468, 0.0390376, 0.010862293, 0.03697312, 0.031718094, -0.04260128, 0.02899773, -0.0066080233
-0.023574656, 0.027404979, 0.03896656, 0.010450322, 0.03358687, 0.027843563, -0.03073056, 0.025868764, -0.005514897
-0.025441563, 0.027641254, 0.043181922, 0.009957807, 0.03440016, 0.028114634, -0.030838996, 0.026133675, -0.0058456524
-0.034442198, 0.037760977, 0.058891494, 0.013025402, 0.04613648, 0.039218724, -0.050931755, 0.0362182, -0.00892834
-0.02510027, 0.028298758, 0.041751865, 0.009412417, 0.033532985, 0.028700523, -0.035053127, 0.02610378, -0.007288204
-0.032395028, 0.036742575, 0.052762795, 0.012233408, 0.04267787, 0.034836266, -0.047857456, 0.03358243, -0.0075138547
-0.020462548, 0.023323148, 0.030542117, 0.007597922, 0.02647, 0.018634882, -0.03107311, 0.020294964, -0.0046661585
-0.023605695, 0.026366906, 0.03855814, 0.009290314, 0.032468807, 0.02950652, -0.032512218, 0.030971484, -0.005671951
-0.023145005, 0.026266068, 0.040172823, 0.009002386, 0.03188473, 0.027455075, -0.034762528, 0.025144083, -0.00632306
-0.018249214, 0.019424176, 0.031049166, 0.007927509, 0.023787754, 0.023101142, -0.029973077, 0.018194687, -0.0044861133
-0.031306256, 0.032934505, 0.039931014, 0.0103258025, 0.03587583, 0.027731368, -0.041032836, 0.028892731, -0.006762212
-0.028805967, 0.030535957, 0.04262773, 0.01119715, 0.037455443, 0.027629985, -0.044839278, 0.02915111, -0.0071563413
-0.027183354, 0.030351296, 0.041111376, 0.009594379, 0.035880663, 0.02783501, -0.037352726, 0.027775507, -0.004638451
-0.019341426, 0.02528919, 0.03674194, 0.009410678, 0.030456306, 0.025676776, -0.032107897, 0.023766354, -0.0055374173
-0.02971299, 0.031507395, 0.04755425, 0.010842466, 0.038295962, 0.03268585, -0.042336147, 0.029946525, -0.007419966
-0.023659108, 0.021567166, 0.034646057, 0.008702786, 0.030054562, 0.02665158, -0.03577712, 0.023941625, -0.005355287
-0.021876726, 0.0282107, 0.032980166, 0.008348032, 0.028781887, 0.025010321, -0.032704595, 0.021485168, -0.0051289075
-0.0322171, 0.026568308, 0.041804355, 0.010135148, 0.037157267, 0.02593874, -0.038752273, 0.028371153, -0.0062740613
-0.03462222, 0.027823543, 0.0550909, 0.0128041115, 0.04471816, 0.04062474, -0.052893773, 0.035390332, -0.008040813
-0.028135201, 0.031093793, 0.040942386, 0.010427478, 0.037580714, 0.036830757, -0.03583759, 0.029615495, -0.0068990993
-0.02689886, 0.02891747, 0.04013745, 0.014095382, 0.035659567, 0.03009729, -0.049835, 0.029042795, -0.0066738715
-0.027176859, 0.027392387, 0.041358773, 0.009432649, 0.03348886, 0.029120477, -0.033904906, 0.025700586, -0.005874323
-0.022718301, 0.025787687, 0.036691308, 0.00847782, 0.029947875, 0.025330191, -0.0316344, 0.023197303, -0.006035483
-0.021701088, 0.028588431, 0.035373535, 0.009353803, 0.03227523, 0.030094998, -0.039903827, 0.025463244, -0.00585124
-0.022394558, 0.026005218, 0.03732588, 0.008543747, 0.030630255, 0.026699891, -0.028403096, 0.024548637, -0.006844905
-0.028203236, 0.028224513, 0.04804644, 0.01082965, 0.038643837, 0.0327949, -0.044704746, 0.03038635, -0.007715204
-0.031320736, 0.03510766, 0.05277146, 0.011565356, 0.041454587, 0.03667997, -0.049337864, 0.033220686, -0.008539848
-0.02639997, 0.029373258, 0.041793846, 0.010203157, 0.035457015, 0.030526215, -0.040088862, 0.027845088, -0.006478111
-0.028902713, 0.031588137, 0.04235549, 0.010929736, 0.038286943, 0.039042868, -0.0405467, 0.03228963, -0.011585802
-0.03342393, 0.027700983, 0.03896254, 0.009586216, 0.034286708, 0.028767126, -0.03440551, 0.0257306, -0.006451567
-0.01994167, 0.021680545, 0.027594488, 0.0071767573, 0.025526827, 0.0210315, -0.030612757, 0.02015523, -0.0048346044
-0.029936654, 0.030074295, 0.042806037, 0.010165985, 0.036515914, 0.031564295, -0.043074097, 0.021506574, -0.0068609565
-0.028382946, 0.028090864, 0.040720884, 0.010678292, 0.031238435, 0.028289199, -0.03873207, 0.027765725, -0.0040560267
-0.019702038, 0.03002341, 0.044338666, 0.008946772, 0.036007635, 0.03146362, -0.042250387, 0.02891192, -0.006413637
-0.023662776, 0.025995146, 0.039283037, 0.009017305, 0.031419538, 0.026254795, -0.036267396, 0.024787031, -0.005291151
-0.02574388, 0.02734451, 0.04203155, 0.009542531, 0.033747263, 0.029202314, -0.037802108, 0.026431344, -0.006427251
-0.021397531, 0.02292457, 0.03943528, 0.008727739, 0.032315556, 0.028196516, -0.03365109, 0.024723997, -0.0061223954
-0.02164413, 0.024270983, 0.03575607, 0.008241853, 0.029496111, 0.025128271, -0.03420514, 0.023109268, -0.005852055
-0.030088319, 0.03640293, 0.05401729, 0.0124533, 0.043792866, 0.037628226, -0.05182838, 0.033810075, -0.008197068
-0.024273142, 0.02732285, 0.04113026, 0.010294135, 0.032845344, 0.02712749, -0.03813109, 0.026176794, -0.006754436
-0.031559817, 0.035267767, 0.05127463, 0.011988175, 0.04279525, 0.036779594, -0.049960464, 0.033264246, -0.008570775
-0.026400307, 0.029550696, 0.044799503, 0.009870895, 0.036396496, 0.031450078, -0.0422763, 0.028516188, -0.0070505403
-0.031728476, 0.034612104, 0.053507376, 0.011913519, 0.04216836, 0.036082663, -0.046546623, 0.033083234, -0.008063605
-0.03135652, 0.034907456, 0.052820694, 0.011969767, 0.04288824, 0.036518168, -0.05004726, 0.032744247, -0.008412725
-0.027237972, 0.030516677, 0.0456005, 0.010307746, 0.036985192, 0.030437972, -0.04307145, 0.0290331, -0.0074337726
-0.031049157, 0.03638936, 0.050041866, 0.012382189, 0.045358654, 0.036394037, -0.053933207, 0.03442566, -0.008555318
-0.031835433, 0.035095867, 0.050633036, 0.012003084, 0.04270505, 0.03674678, -0.049298547, 0.033371486, -0.008793245
-0.021960493, 0.025145205, 0.040035926, 0.00846057, 0.030868985, 0.022598052, -0.032021422, 0.023022708, -0.0055125672
-0.017973859, 0.020167349, 0.030040553, 0.006648297, 0.024335917, 0.021779818, -0.027942507, 0.019076886, -0.004331696
-0.028632082, 0.034032293, 0.050510954, 0.011535425, 0.041058205, 0.03482375, -0.047206126, 0.03238163, -0.008456784
-0.016120987, 0.017935913, 0.025291514, 0.006116517, 0.021254266, 0.018005172, -0.025092833, 0.016493779, -0.0038166486
-0.028990606, 0.032388702, 0.046987843, 0.010825801, 0.039263323, 0.034060128, -0.04549883, 0.030844001, -0.0077434927
-0.031253308, 0.0352973, 0.053552426, 0.012720377, 0.042643342, 0.036468692, -0.046891496, 0.03276319, -0.008306226
-0.02768579, 0.03131421, 0.04690782, 0.010595477, 0.037755333, 0.03240531, -0.04077486, 0.029982084, -0.007480258
-0.03138396, 0.033964336, 0.050687008, 0.011709047, 0.040744282, 0.03466522, -0.048449527, 0.031008292, -0.0063806614
-0.023961762, 0.026499879, 0.039230227, 0.009202671, 0.031967964, 0.026242632, -0.03736837, 0.0250825, -0.0057881656
-0.0323213, 0.035727758, 0.050800018, 0.013042069, 0.043076325, 0.03617403, -0.050459, 0.03424649, -0.007902083
-0.03439397, 0.03882545, 0.056108713, 0.013193723, 0.04696496, 0.0402614, -0.054991074, 0.036728196, -0.009230853
-0.02947599, 0.031851675, 0.048259236, 0.010603969, 0.03898507, 0.034480758, -0.047340456, 0.0320695, -0.010034321
-0.033432707, 0.038981725, 0.05818124, 0.013153942, 0.047263883, 0.040168244, -0.055362772, 0.035915557, -0.009080838
-0.02894331, 0.030938739, 0.04774442, 0.010969699, 0.038827647, 0.0323338, -0.045828875, 0.030495854, -0.0073529193
-0.020972822, 0.022462435, 0.034399986, 0.011658228, 0.028066186, 0.026882542, -0.029052638, 0.022957258, -0.005259557
-0.024700947, 0.027986892, 0.042132653, 0.009662891, 0.03385364, 0.027689377, -0.039031196, 0.02664078, -0.0064926986
-0.03059352, 0.032476485, 0.050828297, 0.011620534, 0.041250594, 0.035046924, -0.048208073, 0.03243887, -0.0075914296
-0.025991946, 0.028950023, 0.04201448, 0.009913417, 0.035190903, 0.029928122, -0.041712727, 0.02760968, -0.006708284
-0.025640018, 0.02862633, 0.043742236, 0.009876112, 0.03279949, 0.029373227, -0.039438277, 0.025902709, -0.0070237285
-0.023031784, 0.025429122, 0.038313985, 0.008649234, 0.028962247, 0.02612772, -0.035500865, 0.024175046, -0.005808245
-0.02792131, 0.028854696, 0.044950943, 0.009679317, 0.037026145, 0.03181424, -0.043856237, 0.02914036, -0.0067454376
-0.021169344, 0.023561398, 0.034376476, 0.008024081, 0.02826151, 0.024321523, -0.03234471, 0.02219216, -0.004883003
-0.02220367, 0.02600565, 0.03882099, 0.007950267, 0.03147847, 0.02702089, -0.03276808, 0.026460966, -0.005503177
-0.024946244, 0.027942596, 0.040101793, 0.009490047, 0.034034546, 0.029165909, -0.035522338, 0.030173982, -0.006700781
-0.022795783, 0.02592682, 0.039274253, 0.008748353, 0.03155887, 0.024491752, -0.036716036, 0.024447558, -0.006641733
-0.033666175, 0.034889452, 0.054938663, 0.012621133, 0.044623584, 0.037417985, -0.052217286, 0.034946162, -0.008309511
-0.025088415, 0.02888695, 0.0432142, 0.011706291, 0.03475267, 0.028995747, -0.039766055, 0.026689194, -0.007315643
-0.026580593, 0.029558908, 0.04385326, 0.010108836, 0.035613477, 0.029704737, -0.041654978, 0.02777391, -0.006593036
-0.03214822, 0.035679992, 0.055460308, 0.012049014, 0.043270417, 0.035599533, -0.04811808, 0.033820335, -0.008154186
-0.018704312, 0.021516675, 0.030809414, 0.0074298475, 0.026229689, 0.024138846, -0.029564155, 0.02070788, -0.0047483407
-0.023583742, 0.030113693, 0.04476799, 0.009246613, 0.036373362, 0.032967754, -0.04189843, 0.028687516, -0.005734614
-0.026291475, 0.0290054, 0.044649098, 0.0096904775, 0.034973644, 0.028302178, -0.035325974, 0.02733702, -0.0064530266
-0.027206048, 0.029673379, 0.04352627, 0.009803317, 0.035981204, 0.030047862, -0.04160562, 0.028346969, -0.0057335626
-0.026397588, 0.034600828, 0.04002952, 0.010103573, 0.0358334, 0.03168142, -0.040107608, 0.03312973, -0.007377992
-0.031001726, 0.034882437, 0.0508057, 0.011801536, 0.04092374, 0.034596622, -0.044731446, 0.03212621, -0.0070099146
-0.028568251, 0.030254282, 0.046718214, 0.010790136, 0.037846606, 0.03341697, -0.043426074, 0.02979566, -0.0069521475
-0.02767943, 0.030501574, 0.045195527, 0.010417441, 0.036595114, 0.029409377, -0.042341936, 0.028763505, -0.006542451
-0.020401552, 0.02251999, 0.033915862, 0.0077563757, 0.027452702, 0.023581468, -0.031924993, 0.020868508, -0.005490927
-0.027020734, 0.030081391, 0.04499505, 0.009884323, 0.035480287, 0.031024959, -0.042484403, 0.028586706, -0.006937626
-0.03364676, 0.036992352, 0.054536685, 0.012667789, 0.043943826, 0.03690972, -0.053379398, 0.03515599, -0.008008406
-0.029314972, 0.027102113, 0.04618464, 0.010603885, 0.03571698, 0.029330792, -0.04587589, 0.029316908, -0.0067245997
-0.024885809, 0.02675083, 0.038854353, 0.009543048, 0.032857813, 0.024707152, -0.03919768, 0.026206465, -0.0052303406
-0.024233667, 0.025122223, 0.039489884, 0.0074414257, 0.031627238, 0.02782879, -0.037266523, 0.025383878, -0.0058085374
-0.028337106, 0.031239858, 0.048213005, 0.010795129, 0.037986018, 0.0300384, -0.04359293, 0.029892545, -0.0060362467
-0.030686652, 0.03364001, 0.0547986, 0.011685987, 0.042938743, 0.036496256, -0.03845821, 0.033858437, -0.0083059
-0.023138877, 0.025358427, 0.038373105, 0.008770588, 0.03085325, 0.026976645, -0.03390815, 0.024230303, -0.005710539
-0.03060826, 0.033805892, 0.05051509, 0.011564935, 0.040902823, 0.032585293, -0.047310386, 0.032121256, -0.007715623
-0.02010911, 0.02298307, 0.034247182, 0.007868586, 0.027701255, 0.0238381, -0.03222183, 0.021816507, -0.0049462263
-0.028685598, 0.03284635, 0.048972618, 0.011242333, 0.039761968, 0.034180526, -0.0458824, 0.031209366, -0.0070435586
-0.029719338, 0.032506756, 0.041977406, 0.012592436, 0.037300497, 0.038105633, -0.048978288, 0.033328936, -0.00855384
-0.0214798, 0.02194279, 0.036061287, 0.0082244165, 0.029054174, 0.025136836, -0.033061188, 0.023169924, -0.0057190633
-0.023793062, 0.027807955, 0.038159214, 0.008819855, 0.029145109, 0.024396999, -0.035608564, 0.024753986, -0.005486611
-0.026688145, 0.028450727, 0.044740885, 0.01019543, 0.035795912, 0.030759951, -0.041921105, 0.02540816, -0.006786926
-0.01732716, 0.018789254, 0.029962499, 0.0068118414, 0.022285629, 0.020084783, -0.025713421, 0.018537194, -0.0040413076
-0.024840249, 0.027052112, 0.041388135, 0.00952947, 0.030664653, 0.02864066, -0.039355125, 0.026368668, -0.0062668165
