-0.03275973, -0.037648916, 0.044713162, -0.037760936, 0.0010580799, -0.023512183, 0.053553194, -0.031155234, 0.0005416878
-0.0329163, 0.035958584, 0.053161312, 0.012208863, 0.041830804, 0.037284758, -0.049144533, 0.033580422, -0.0077151535
-0.02739882, 0.030111145, 0.045041434, 0.010282916, 0.03656582, 0.031281345, -0.041722253, 0.028658802, -0.00709493
-0.022895407, 0.024863508, 0.036480136, 0.008119323, 0.029945698, 0.025030863, -0.033639394, 0.023294741, -0.005143349
-0.026120173, 0.028521987, 0.04296334, 0.009809633, 0.03478783, 0.02994143, -0.039425433, 0.027212244, -0.0067308163
-0.028008953, 0.030688172, 0.04537799, 0.010465113, 0.03703325, 0.031479426, -0.042392958, 0.028896041, -0.0070076655
-0.027725333, 0.030132469, 0.050262343, 0.013850317, 0.037153136, 0.029325001, -0.041052222, 0.03073548, -0.0071416106
-0.031626176, 0.035479546, 0.05294494, 0.012086, 0.042985197, 0.03648359, -0.048915472, 0.033764347, -0.008452062
-0.031261247, 0.034599286, 0.05158572, 0.01184308, 0.041788284, 0.03537842, -0.047711555, 0.03278257, -0.007732032
-0.024032766, 0.026192404, 0.039030124, 0.00904698, 0.03181667, 0.026864091, -0.03658951, 0.02500311, -0.0057612355
-0.017207349, 0.018880166, 0.028966106, 0.0065371543, 0.02332205, 0.019927245, -0.027534239, 0.017623294, -0.005085316
-0.02596255, 0.028607624, 0.0427674, 0.0098383855, 0.034667484, 0.029518904, -0.03965909, 0.027244462, -0.0065477304
