-0.0058895643, -0.046566464, -0.02555942, 0.04024862, -0.0010053529, 0.018801112, 0.039760556, 0.03457619, 0.038129266, -0.029910754
-0.04845827, -0.017835181, 0.034010712, 0.033086993, -0.042614993, 0.021013185, -0.05197499, 0.044445783, 0.017873919, -0.013627685
-0.046326824, -0.016994318, 0.032228127, 0.031470463, -0.040514696, 0.019970533, -0.04902063, 0.0425473, 0.016944135, -0.012820766
-0.045330975, -0.016741754, 0.033164047, 0.033820327, -0.041886166, 0.019332157, -0.05038787, 0.042025175, 0.016316185, -0.013900522
-0.048069913, -0.017288135, 0.03479022, 0.034399513, -0.044410013, 0.020621406, -0.05084164, 0.04545344, 0.017398681, -0.014105154
-0.0416921, -0.015429991, 0.029841948, 0.03068437, -0.0367798, 0.017689655, -0.043240186, 0.03838371, 0.015150777, -0.012051805
-0.046212427, -0.017165251, 0.033786938, 0.033044875, -0.041932132, 0.020110166, -0.05234933, 0.04297731, 0.017003221, -0.013845086
-0.043012686, -0.01607296, 0.031278174, 0.031193707, -0.039417353, 0.018755399, -0.048100162, 0.040802974, 0.015872102, -0.012167456
-0.050067365, -0.017813414, 0.03457722, 0.034673035, -0.04275179, 0.02082185, -0.05234879, 0.044890102, 0.017669646, -0.014214072
-0.033768144, -0.012424896, 0.02432569, 0.024811937, -0.03104831, 0.014642747, -0.036356837, 0.030878687, 0.012624448, -0.009458936
-0.04504415, -0.015876457, 0.032065663, 0.03202922, -0.039767805, 0.01899156, -0.049142845, 0.041234937, 0.014415967, -0.013543303
-0.03962217, -0.014619974, 0.028511312, 0.027641065, -0.035791945, 0.017092912, -0.0427286, 0.036574118, 0.0143355075, -0.011954501
-0.03556318, -0.012808787, 0.024510194, 0.026181439, -0.032080974, 0.014168312, -0.039472487, 0.032117352, 0.012523648, -0.010767672
-0.032219984, -0.012222293, 0.025791697, 0.021237181, -0.029411599, 0.014986803, -0.035640527, 0.03149298, 0.012335437, -0.0094645135
-0.03501283, -0.012492574, 0.025317146, 0.024797343, -0.031173153, 0.015108595, -0.03788169, 0.032363456, 0.0132019, -0.010698696
-0.04774316, -0.017598912, 0.03402956, 0.034121096, -0.04201449, 0.020202413, -0.051567655, 0.044145007, 0.017535243, -0.013873825
-0.038330093, -0.014044645, 0.027924176, 0.027022203, -0.034902446, 0.016748805, -0.04198042, 0.035746492, 0.014403472, -0.012142035
-0.047121, -0.017204411, 0.033104297, 0.0332689, -0.041042145, 0.019734323, -0.050127544, 0.04320268, 0.017091934, -0.013639827
-0.032846496, -0.011726154, 0.023476435, 0.023665769, -0.029196825, 0.013849469, -0.035119843, 0.030228948, 0.011721348, -0.009876487
-0.03218295, -0.011565299, 0.023189368, 0.023169816, -0.029143466, 0.013800122, -0.03494743, 0.02947299, 0.011615314, -0.009581839
-0.04043207, -0.014825147, 0.028683309, 0.028974118, -0.036490668, 0.01733701, -0.04375411, 0.037292413, 0.014656853, -0.011946361
-0.042359956, -0.015882622, 0.030931123, 0.030574039, -0.03881274, 0.018628078, -0.046684317, 0.03965173, 0.01577638, -0.012496643
-0.046723846, -0.017303219, 0.03347721, 0.03310298, -0.042244893, 0.020341419, -0.050975636, 0.043413036, 0.017224962, -0.013699479
-0.039766647, -0.014712192, 0.028483203, 0.02618001, -0.034502104, 0.017803838, -0.04242221, 0.03634578, 0.014987003, -0.010997912
-0.036028594, -0.01230955, 0.025476445, 0.024698943, -0.029060852, 0.015066364, -0.03901888, 0.03231613, 0.012724981, -0.010377877
-0.033988126, -0.012257993, 0.023117818, 0.024842763, -0.031139646, 0.014350366, -0.037385914, 0.029150918, 0.012114631, -0.010075057
-0.04138964, -0.015528116, 0.029967759, 0.029323135, -0.037364114, 0.018176563, -0.04496427, 0.038404822, 0.01548117, -0.011872525
-0.045504734, -0.017527884, 0.03136466, 0.030932697, -0.040028866, 0.02047197, -0.04873751, 0.041556787, 0.017450139, -0.012231962
-0.04240138, -0.016247759, 0.030755734, 0.029317029, -0.03785006, 0.019013606, -0.045861382, 0.039172255, 0.016170228, -0.011424724
-0.04356313, -0.01652198, 0.032258004, 0.031100584, -0.03961339, 0.019379007, -0.047700647, 0.040975973, 0.016497947, -0.01265821
-0.03317839, -0.012469553, 0.024066823, 0.023497866, -0.029862009, 0.014550975, -0.036180403, 0.030875955, 0.012429205, -0.009560726
-0.043539762, -0.016595826, 0.032091055, 0.02957343, -0.038846795, 0.019841861, -0.04741447, 0.04042767, 0.017311715, -0.0118897185
-0.04283842, -0.016484888, 0.030745968, 0.029322922, -0.037876442, 0.01926909, -0.046047516, 0.03940856, 0.016240615, -0.011263098
-0.0399182, -0.016085716, 0.029049285, 0.027002191, -0.034448653, 0.017899249, -0.044382986, 0.03741673, 0.016167955, -0.011144194
-0.050436866, -0.01963798, 0.036509655, 0.033898257, -0.04518255, 0.023687808, -0.054609723, 0.046917263, 0.020983204, -0.01386153
-0.033842113, -0.012168209, 0.023963828, 0.021165457, -0.03009906, 0.013991842, -0.03713294, 0.030816391, 0.011904514, -0.010011564
-0.041027457, -0.015496606, 0.029637601, 0.027207194, -0.03605201, 0.018610284, -0.04407047, 0.037633974, 0.015760776, -0.011096123
-0.038108956, -0.014426613, 0.027818345, 0.026120504, -0.033739775, 0.01697211, -0.041371204, 0.03519974, 0.014570179, -0.0101545565
-0.04990301, -0.01952489, 0.036738753, 0.0342532, -0.044942033, 0.022553943, -0.05446001, 0.046615463, 0.020304956, -0.01382526
-0.04290674, -0.01689863, 0.030593198, 0.029563488, -0.038237475, 0.01922697, -0.04634402, 0.03972624, 0.016426314, -0.011594989
-0.051243592, -0.01979409, 0.03635412, 0.034465164, -0.04516542, 0.023357002, -0.05485521, 0.046679746, 0.02004781, -0.013348721
-0.044533897, -0.017587554, 0.031792503, 0.030554028, -0.039606024, 0.020342821, -0.048493735, 0.04082859, 0.01814554, -0.012188457
-0.045479063, -0.018229418, 0.034187827, 0.031798806, -0.041172512, 0.021846818, -0.050595403, 0.04300274, 0.018165452, -0.012783505
-0.04407374, -0.016741997, 0.030764272, 0.029485252, -0.038313195, 0.019606646, -0.044877276, 0.039639514, 0.01746379, -0.011738024
-0.04043653, -0.015428157, 0.02866226, 0.026991867, -0.035425622, 0.018722354, -0.042785097, 0.03682875, 0.015640391, -0.010751611
-0.045391396, -0.016983513, 0.032715954, 0.030236414, -0.038802586, 0.020777436, -0.04859571, 0.041701, 0.01706075, -0.012311491
-0.028957462, -0.011418277, 0.023003232, 0.023999032, -0.028785834, 0.013291894, -0.034073647, 0.02962962, 0.01135697, -0.009238879
-0.04304654, -0.016120188, 0.031085676, 0.028636472, -0.037094023, 0.019103458, -0.046524975, 0.039445702, 0.01618895, -0.011934743
-0.039867066, -0.0151140215, 0.028430752, 0.027378222, -0.03500783, 0.016754288, -0.042812247, 0.036453456, 0.014749921, -0.010430764
-0.038287595, -0.016142804, 0.029342178, 0.02778494, -0.03631793, 0.0185112, -0.04592009, 0.03768928, 0.016087577, -0.010953364
-0.038958244, -0.016181404, 0.02940042, 0.027476262, -0.035186727, 0.018178664, -0.043102656, 0.036856215, 0.015990622, -0.0109076025
-0.047149643, -0.016903795, 0.033885393, 0.035235327, -0.04323999, 0.019845352, -0.049926743, 0.043628886, 0.01664346, -0.014522599
-0.044925433, -0.016628388, 0.032753784, 0.031199848, -0.040072795, 0.01970152, -0.0492909, 0.04197552, 0.016680788, -0.013029696
-0.035687003, -0.013054924, 0.025499288, 0.023423214, -0.030978806, 0.015413553, -0.038076825, 0.032513943, 0.013048721, -0.01007217
-0.042457603, -0.015190907, 0.027703563, 0.030543407, -0.034173112, 0.01754572, -0.04677942, 0.03963743, 0.015335925, -0.011791998
-0.037899163, -0.014197097, 0.027078602, 0.026527433, -0.033974517, 0.016477121, -0.04076986, 0.034897503, 0.014167471, -0.010794474
-0.0401242, -0.013420525, 0.02898461, 0.028046051, -0.036065944, 0.017410485, -0.043078437, 0.03700711, 0.015148648, -0.012231431
-0.04448355, -0.01662102, 0.032703985, 0.037406676, -0.040026966, 0.019217363, -0.0478252, 0.0412283, 0.016377201, -0.013713286
-0.04533688, -0.01657725, 0.032239206, 0.031158568, -0.040166687, 0.01939835, -0.046941455, 0.041178223, 0.016584866, -0.012821294
-0.047114808, -0.017558282, 0.03408945, 0.032898806, -0.04187315, 0.020383239, -0.05066681, 0.043360043, 0.017555963, -0.013400125
-0.039681572, -0.015079957, 0.02837482, 0.028373245, -0.03519663, 0.017487872, -0.0422405, 0.03669861, 0.014894949, -0.01127433
-0.04633138, -0.017352674, 0.033644076, 0.03263683, -0.04164898, 0.020294273, -0.050281465, 0.04257654, 0.017315712, -0.013240198
-0.03854847, -0.014485497, 0.028660493, 0.027153542, -0.034684297, 0.01680121, -0.041517533, 0.035738464, 0.014535182, -0.01108586
-0.043261845, -0.016516384, 0.03264277, 0.031033665, -0.039566975, 0.019558497, -0.048011266, 0.040895756, 0.016628535, -0.012688779
-0.030322468, -0.010682538, 0.021779526, 0.022444125, -0.02660715, 0.01280826, -0.034006856, 0.027313428, 0.009471504, -0.009244201
-0.036322586, -0.012832774, 0.026493052, 0.02920244, -0.030907398, 0.015616836, -0.038440783, 0.036482263, 0.013039819, -0.010395134
-0.03993953, -0.014329091, 0.028451296, 0.031624917, -0.03709439, 0.01673921, -0.039857347, 0.0348167, 0.0139059005, -0.012327089
-0.03037092, -0.011805017, 0.023351423, 0.02450614, -0.030568587, 0.013736329, -0.035327904, 0.029859582, 0.011563156, -0.009462138
-0.037720606, -0.013864221, 0.027571075, 0.025538895, -0.03264609, 0.01631074, -0.04010739, 0.034592, 0.013949039, -0.01057357
-0.056465942, -0.021905493, 0.041187394, 0.03835199, -0.04976202, 0.019974845, -0.0609222, 0.052084487, 0.021932688, -0.015944486
-0.045873385, -0.016772816, 0.033497665, 0.029828565, -0.038477, 0.016549407, -0.045877602, 0.03973927, 0.017886097, -0.012170071
-0.043195035, -0.016585587, 0.03127027, 0.030272122, -0.038644698, 0.019631809, -0.046814404, 0.040053494, 0.016411457, -0.011964239
-0.043011494, -0.016516812, 0.03137893, 0.029934285, -0.038819425, 0.020636763, -0.046994176, 0.040149447, 0.01662266, -0.0122989
-0.031924903, -0.011675922, 0.023184506, 0.02423384, -0.029684879, 0.013526946, -0.03345114, 0.029562797, 0.011463765, -0.009748599
-0.046663783, -0.017873181, 0.033553913, 0.0326944, -0.04165874, 0.020582061, -0.0495726, 0.0431326, 0.017599797, -0.013113638
-0.04400066, -0.016580792, 0.031976573, 0.030450901, -0.03754238, 0.019158207, -0.04631384, 0.04075421, 0.016624676, -0.0116851395
-0.050114214, -0.019159315, 0.03631967, 0.035576925, -0.045475364, 0.021812173, -0.053562086, 0.04694291, 0.018805625, -0.014307362
-0.048997805, -0.018609243, 0.03511636, 0.03410644, -0.043949857, 0.020982949, -0.052824892, 0.045174792, 0.018114103, -0.013727989
-0.046258453, -0.017491933, 0.03316558, 0.031930685, -0.04176321, 0.020183425, -0.049990878, 0.042696387, 0.017284542, -0.013109634
-0.034282636, -0.012701866, 0.025921784, 0.02649283, -0.029214332, 0.014861581, -0.03514787, 0.03402211, 0.012544661, -0.0105546145
-0.038847074, -0.015057538, 0.027684929, 0.026847076, -0.03460001, 0.016695434, -0.040818088, 0.035266776, 0.014668383, -0.010929585
-0.042789858, -0.016423592, 0.0312776, 0.030779757, -0.039043024, 0.019015094, -0.047037024, 0.04012967, 0.016323345, -0.012400073
-0.031224348, -0.012110282, 0.022866586, 0.02245348, -0.02879497, 0.014585488, -0.034619227, 0.02952561, 0.012037068, -0.009050619
-0.03243186, -0.013313626, 0.023869742, 0.022846112, -0.029445745, 0.015551862, -0.03435285, 0.030295158, 0.012893798, -0.009201226
-0.03543884, -0.014819745, 0.024633791, 0.024313914, -0.031299945, 0.015267128, -0.03726203, 0.03199445, 0.0132634705, -0.009811157
-0.0399619, -0.015981562, 0.029746195, 0.029622616, -0.03691899, 0.019052546, -0.045884553, 0.03797656, 0.015607436, -0.011845841
-0.049399827, -0.018857814, 0.036240436, 0.03522443, -0.044987608, 0.02239561, -0.05465431, 0.046398588, 0.01885264, -0.014391449
-0.035343975, -0.012823108, 0.024715682, 0.026487092, -0.03274063, 0.014819605, -0.037580937, 0.032927137, 0.012705668, -0.011102168
-0.04685607, -0.017148208, 0.033571202, 0.03401774, -0.042714305, 0.020042524, -0.048072185, 0.043176662, 0.016968548, -0.013932139
-0.030796584, -0.013509709, 0.021777378, 0.021602005, -0.02815495, 0.02033228, -0.033091992, 0.029426293, 0.013940936, -0.008090946
-0.032334454, -0.012963103, 0.024381883, 0.023313768, -0.029923832, 0.01583067, -0.03701227, 0.033093113, 0.013514124, -0.009462452
-0.04108085, -0.014495328, 0.02855087, 0.027810132, -0.036245648, 0.016770914, -0.04057589, 0.036559723, 0.014435615, -0.011698291
-0.031158399, -0.011635595, 0.021978728, 0.02184238, -0.027834225, 0.013331542, -0.032270953, 0.028668128, 0.0112261, -0.009173897
-0.04388207, -0.015641998, 0.031275764, 0.031559736, -0.03931399, 0.018144313, -0.044954658, 0.040113863, 0.015282998, -0.013369978
-0.03739485, -0.013547238, 0.026934102, 0.026820486, -0.033744965, 0.015806926, -0.039678115, 0.036347114, 0.013300395, -0.01093403
-0.04140135, -0.014675732, 0.02971718, 0.030088471, -0.03706679, 0.017295144, -0.04292589, 0.03777041, 0.014652625, -0.014630364
-0.031512357, -0.011674908, 0.022984715, 0.02418591, -0.029852236, 0.013121157, -0.034710195, 0.030088639, 0.01146873, -0.009963293
-0.03737736, -0.013252676, 0.027951071, 0.027807808, -0.03529228, 0.015002931, -0.042199936, 0.03616345, 0.013914811, -0.0093837585
-0.045266606, -0.0166847, 0.033287976, 0.034608867, -0.040479116, 0.019801762, -0.05111812, 0.042475656, 0.016892098, -0.013067365
-0.03888652, -0.01395893, 0.027431233, 0.027012521, -0.03397279, 0.0158321, -0.042619735, 0.03621738, 0.013387263, -0.011393399
-0.046709076, -0.01673923, 0.033475526, 0.03346483, -0.04297045, 0.019723482, -0.050252594, 0.042074483, 0.016013114, -0.01406985
-0.031462073, -0.01171648, 0.023082525, 0.022490684, -0.026150825, 0.013804416, -0.034663327, 0.029069468, 0.011684193, -0.0091726715
-0.039772745, -0.014057043, 0.02791806, 0.029077953, -0.035970196, 0.016397502, -0.035924785, 0.036599535, 0.013856023, -0.011808203
-0.03491306, -0.012550443, 0.02513407, 0.02566939, -0.03169915, 0.014573824, -0.037689734, 0.03225876, 0.011394848, -0.010594444
-0.03322752, -0.012054086, 0.024006126, 0.024702508, -0.029301917, 0.014091956, -0.036065955, 0.030707939, 0.0115837455, -0.0100629395
-0.053156, -0.019370032, 0.038370766, 0.038764305, -0.048346136, 0.021871552, -0.05728302, 0.049099475, 0.017118877, -0.016288517
-0.03669761, -0.013339705, 0.02677859, 0.027261633, -0.032225687, 0.015397922, -0.040149223, 0.033709362, 0.013016106, -0.012101056
-0.03276721, -0.012223291, 0.025136266, 0.02631306, -0.031503115, 0.0145108765, -0.039099716, 0.03128741, 0.011360564, -0.010500275
-0.04900901, -0.016113916, 0.032455858, 0.030611034, -0.0381127, 0.017330842, -0.042993374, 0.042757668, 0.01588311, -0.013692968
-0.04526387, -0.016895553, 0.033799447, 0.034645084, -0.041495677, 0.019469373, -0.050394103, 0.04322288, 0.016106809, -0.014686802
-0.03297231, -0.011967653, 0.023299754, 0.02467091, -0.028494334, 0.013735599, -0.036589462, 0.02994553, 0.011567527, -0.010030274
-0.039407056, -0.014265584, 0.028631411, 0.02708952, -0.035726454, 0.016544145, -0.043314993, 0.03663385, 0.013810393, -0.0119358655
-0.028628051, -0.011445675, 0.021167697, 0.020152276, -0.025790634, 0.012938173, -0.032959446, 0.028916162, 0.011353909, -0.008471138
-0.05875872, -0.023025502, 0.044221025, 0.04098422, -0.052896447, 0.027336696, -0.06600237, 0.055745903, 0.02319954, -0.016156914
-0.032563806, -0.011783168, 0.02321471, 0.02518533, -0.02899802, 0.013593097, -0.033995178, 0.029974384, 0.011510791, -0.009761502
-0.036789976, -0.01311912, 0.026904896, 0.026168648, -0.030845046, 0.0156657, -0.040475648, 0.038120635, 0.013265416, -0.0115600275
-0.034287196, -0.012751737, 0.025280258, 0.027101785, -0.034687057, 0.014870029, -0.036077354, 0.030145742, 0.012524565, -0.0111803
-0.036462594, -0.013276508, 0.026334839, 0.025387939, -0.03498982, 0.014933002, -0.03891272, 0.033480056, 0.012936483, -0.011126412
-0.044394985, -0.01677485, 0.033567708, 0.034117524, -0.04197203, 0.019526133, -0.05037132, 0.042827446, 0.016398162, -0.013242503
-0.023795644, -0.008419003, 0.016714295, 0.017115347, -0.02127114, 0.009374316, -0.02478529, 0.021475984, 0.007916357, -0.007210706
-0.017194929, -0.0064407475, 0.012739823, 0.012950197, -0.01544542, 0.007486781, -0.019690752, 0.016585547, 0.00632978, -0.0054114168
-0.031474877, -0.011541293, 0.02206518, 0.02348412, -0.03000178, 0.013373032, -0.03525112, 0.026408773, 0.011214296, -0.009592841
-0.04331777, -0.01583293, 0.031178204, 0.032490548, -0.03894442, 0.018540233, -0.046292994, 0.04048883, 0.015581159, -0.012960909
-0.03469739, -0.012371593, 0.026166078, 0.026603568, -0.03399273, 0.015438177, -0.040765237, 0.032427963, 0.013003925, -0.012288941
-0.04055004, -0.014629953, 0.026678842, 0.025776148, -0.03344101, 0.01798734, -0.04254744, 0.03565273, 0.014822592, -0.011020619
-0.018606136, -0.006866264, 0.013597392, 0.014306961, -0.017382136, 0.008009398, -0.019906744, 0.017446613, 0.006773018, -0.0058836904
-0.03919067, -0.013836955, 0.027704502, 0.029164426, -0.03297842, 0.01610295, -0.04216393, 0.033985376, 0.013664629, -0.012064895
-0.026639275, -0.009822872, 0.019556416, 0.020651842, -0.025142457, 0.011412605, -0.028537586, 0.024790317, 0.00973439, -0.008991174
-0.031631384, -0.011490462, 0.022873081, 0.023322213, -0.028339302, 0.013479513, -0.03329697, 0.032741472, 0.011373073, -0.01042171
-0.03688429, -0.014407834, 0.02782635, 0.02628172, -0.033891607, 0.01629862, -0.043598056, 0.03703533, 0.013732534, -0.011687552
-0.039210152, -0.015362047, 0.028976066, 0.030423863, -0.037311118, 0.017029308, -0.045102786, 0.034733884, 0.014202936, -0.013066529
-0.037321452, -0.014710424, 0.028392268, 0.030597376, -0.036346, 0.016974332, -0.044644877, 0.038396783, 0.013953015, -0.011947071
-0.036193207, -0.011453668, 0.023674998, 0.026428629, -0.03336362, 0.014946958, -0.03923555, 0.03165438, 0.012306393, -0.011069512
-0.051350635, -0.018767051, 0.03734361, 0.037597273, -0.047543343, 0.022024224, -0.056910228, 0.046919797, 0.018401193, -0.015605178
-0.035131656, -0.01278587, 0.025455037, 0.026094478, -0.032350577, 0.01498126, -0.037640806, 0.032738574, 0.012338425, -0.010699476
-0.04063941, -0.015003155, 0.029207703, 0.028069312, -0.035841323, 0.017675241, -0.043510377, 0.03702874, 0.015095351, -0.011537915
-0.049249344, -0.017756412, 0.03534108, 0.03656761, -0.04516632, 0.0206495, -0.05143252, 0.04523293, 0.016937371, -0.015310588
-0.040403966, -0.014499213, 0.02904306, 0.029535677, -0.03679521, 0.017110175, -0.043610834, 0.03645715, 0.014039347, -0.012374169
-0.042553272, -0.015536273, 0.031023532, 0.031503547, -0.03919981, 0.018250389, -0.04676886, 0.039721347, 0.014780774, -0.013187028
-0.038049113, -0.013586044, 0.02732352, 0.027605496, -0.03469059, 0.016150245, -0.0409922, 0.03503905, 0.012936217, -0.012039978
-0.048718777, -0.017639024, 0.035019718, 0.03540128, -0.044424493, 0.020589583, -0.05184981, 0.045088343, 0.01666742, -0.015066183
-0.049215533, -0.01751148, 0.0351282, 0.036217887, -0.044616472, 0.020426659, -0.053001698, 0.044308532, 0.017268874, -0.015016446
-0.04946432, -0.017921478, 0.035744116, 0.03622544, -0.044800654, 0.020834433, -0.05231903, 0.047933, 0.017704077, -0.01516026
-0.042167857, -0.015204992, 0.030460587, 0.028977608, -0.03891787, 0.017737845, -0.045674097, 0.039100934, 0.014499875, -0.012727929
-0.044172976, -0.016134117, 0.03210278, 0.032802783, -0.04090467, 0.018653385, -0.048553698, 0.040625237, 0.015650645, -0.01372439
-0.03698014, -0.013507232, 0.026334759, 0.027330432, -0.03305442, 0.01577636, -0.03969181, 0.032556046, 0.012538608, -0.01110967
-0.03858865, -0.014295937, 0.027768848, 0.026839076, -0.034306563, 0.016769426, -0.040776175, 0.035345465, 0.014354261, -0.010963152
-0.042269684, -0.015861599, 0.031707864, 0.03413893, -0.03989778, 0.018845314, -0.049855564, 0.037516233, 0.015330845, -0.013286739
-0.05073909, -0.018185744, 0.03627975, 0.03738004, -0.04544961, 0.021367693, -0.05234524, 0.047015075, 0.017966488, -0.015215639
-0.040877596, -0.015013814, 0.029704407, 0.030010112, -0.037525658, 0.01701003, -0.04475884, 0.038300626, 0.014504567, -0.0125261415
-0.035372414, -0.012972867, 0.024774555, 0.025600234, -0.03202103, 0.015101574, -0.038434744, 0.03277355, 0.0124278115, -0.010719216
-0.04502785, -0.016187506, 0.032273732, 0.032442924, -0.04016053, 0.017704174, -0.048944388, 0.04142425, 0.015947245, -0.013883503
-0.03498199, -0.012284527, 0.024452621, 0.02445461, -0.030709634, 0.014058415, -0.037675716, 0.03120587, 0.011532995, -0.010473722
-0.042569194, -0.0144797005, 0.029451368, 0.028145466, -0.034138076, 0.01653256, -0.041910507, 0.0369298, 0.014272206, -0.012328053
-0.041253287, -0.015386974, 0.029370269, 0.029591678, -0.036692318, 0.01703396, -0.044781175, 0.03856582, 0.014366953, -0.012583959
-0.038194973, -0.014121827, 0.027597079, 0.026810281, -0.035322197, 0.016387869, -0.040253475, 0.035882898, 0.013998141, -0.011200865
-0.036552835, -0.01344588, 0.026116263, 0.02564752, -0.032468855, 0.015494091, -0.03747726, 0.03330935, 0.0131147085, -0.010540207
-0.033100393, -0.01236653, 0.024857957, 0.022844834, -0.03356174, 0.014474922, -0.036968853, 0.028405592, 0.012213687, -0.010142633
-0.042482264, -0.0159017, 0.031538215, 0.030612892, -0.03971478, 0.01868451, -0.047853824, 0.04064622, 0.015928198, -0.013075351
-0.02762103, -0.009919424, 0.019894147, 0.020222064, -0.025245955, 0.011349003, -0.029784713, 0.025519151, 0.009519583, -0.00844211
-0.032107204, -0.0117780585, 0.02311634, 0.022110792, -0.02914202, 0.013718671, -0.03472527, 0.029722843, 0.011612707, -0.009855683
-0.046555914, -0.016825708, 0.03300835, 0.033886615, -0.040929586, 0.019291537, -0.050534155, 0.042978548, 0.01624561, -0.013703926
-0.048198536, -0.017727641, 0.034636233, 0.03539657, -0.04390263, 0.020621285, -0.049958717, 0.044135377, 0.017517192, -0.01416942
-0.05010147, -0.018480632, 0.036161195, 0.035855662, -0.0452739, 0.02157941, -0.056890216, 0.046315584, 0.01862203, -0.015583491
-0.04078221, -0.015581479, 0.029597057, 0.030367183, -0.03821827, 0.017955441, -0.045508757, 0.038112782, 0.015471342, -0.011835453
-0.045046095, -0.01667672, 0.032315288, 0.03408418, -0.04130766, 0.019360285, -0.04694971, 0.041797932, 0.016242735, -0.013259687
-0.04503824, -0.016124751, 0.031292006, 0.031875957, -0.039443232, 0.018497203, -0.04793407, 0.041422818, 0.015755115, -0.012694221
-0.043195892, -0.015571767, 0.03096608, 0.032449353, -0.03831437, 0.017858498, -0.046235695, 0.039184745, 0.015235518, -0.013087194
-0.036312696, -0.01262874, 0.023428215, 0.024424322, -0.02902974, 0.014687904, -0.039435893, 0.03009968, 0.012304127, -0.009030293
-0.044856172, -0.016513566, 0.032613974, 0.0321536, -0.04121801, 0.019440807, -0.046932235, 0.04244301, 0.016551506, -0.0135251805
-0.03951996, -0.012997478, 0.028655758, 0.02953586, -0.03566685, 0.016705029, -0.04280195, 0.03711762, 0.014056801, -0.012093826
-0.03160212, -0.011454707, 0.019965783, 0.02321534, -0.028795108, 0.0134255625, -0.03501745, 0.029061181, 0.010915337, -0.009483289
-0.038877245, -0.014015604, 0.027952157, 0.022670528, -0.034595065, 0.016396407, -0.043983836, 0.03648762, 0.013385939, -0.01160356
-0.041606072, -0.015456714, 0.030629188, 0.03091035, -0.03867518, 0.018099258, -0.046363026, 0.03918635, 0.015144964, -0.012917073
-0.032458894, -0.012415441, 0.02234772, 0.023577165, -0.02996785, 0.015729018, -0.036630753, 0.031643707, 0.012536172, -0.009709636
-0.03633142, -0.012842595, 0.025678895, 0.025752595, -0.032612856, 0.015010122, -0.03871331, 0.027945593, 0.012647623, -0.010671928
-0.040747598, -0.017603118, 0.034715883, 0.031143177, -0.03878099, 0.020321855, -0.053027976, 0.04120807, 0.019056497, -0.012680291
-0.04266806, -0.015239394, 0.030569177, 0.03139214, -0.039317656, 0.018003073, -0.044367485, 0.03931312, 0.015064716, -0.012895337
-0.044142425, -0.016472679, 0.032512862, 0.032337815, -0.04088536, 0.019495454, -0.04962449, 0.04198253, 0.01666835, -0.01325494
-0.045558296, -0.015092656, 0.03221677, 0.03345767, -0.04155064, 0.017650932, -0.04880285, 0.042119823, 0.016358087, -0.017154166
-0.035087053, -0.012749692, 0.025688054, 0.024898255, -0.031701356, 0.014943759, -0.040666077, 0.03298451, 0.011841937, -0.01081954
-0.050233785, -0.01801173, 0.037095092, 0.036733348, -0.046343785, 0.022173248, -0.056302857, 0.047579356, 0.018906062, -0.015163387
-0.0629816, -0.020555932, 0.044226106, 0.044435307, -0.05676848, 0.02732598, -0.06794511, 0.057969492, 0.0235487, -0.019380271
-0.040912446, -0.014584384, 0.029274294, 0.029171107, -0.036321297, 0.017424507, -0.04430796, 0.037799016, 0.014737464, -0.011822356
-0.045089547, -0.016755715, 0.032686524, 0.0320505, -0.039751086, 0.019336734, -0.04876085, 0.04167557, 0.016768238, -0.013640335
-0.04465002, -0.016308313, 0.03206487, 0.032366302, -0.04019665, 0.0190456, -0.046128042, 0.041205604, 0.01619963, -0.013135304
-0.03925006, -0.013327135, 0.027923629, 0.027344137, -0.034010284, 0.016614342, -0.04239588, 0.03485347, 0.014374968, -0.011121911
-0.043533392, -0.016117139, 0.03180822, 0.031256888, -0.03951332, 0.01896584, -0.049472105, 0.040294237, 0.015872268, -0.013112874
-0.04114248, -0.015153993, 0.029365953, 0.0292821, -0.037079185, 0.017658358, -0.04257403, 0.037893567, 0.015149648, -0.011637969
-0.04506935, -0.01651903, 0.032385606, 0.031906962, -0.04016951, 0.019272007, -0.04939551, 0.04089872, 0.016187713, -0.012849726
-0.04459314, -0.015571367, 0.03412141, 0.031233992, -0.03774392, 0.018173393, -0.04017098, 0.038567554, 0.015358498, -0.013378343
-0.036636304, -0.013426611, 0.026351266, 0.026143935, -0.03300795, 0.01573275, -0.039593145, 0.033807557, 0.013298824, -0.0099784
-0.037785623, -0.01379436, 0.027572744, 0.02626119, -0.033602178, 0.016260205, -0.04163624, 0.034893274, 0.013880034, -0.01153819
-0.032777492, -0.012039425, 0.023555653, 0.023161212, -0.028900066, 0.014020733, -0.035711963, 0.030194854, 0.011990139, -0.009658962
-0.04243799, -0.015462397, 0.03014797, 0.030340215, -0.037517563, 0.018203225, -0.04592169, 0.039221253, 0.015665887, -0.011507046
-0.026373066, -0.009939914, 0.01934251, 0.01921912, -0.023921316, 0.011464478, -0.030365173, 0.025007268, 0.0097569395, -0.008138097
-0.04140992, -0.015081348, 0.029819548, 0.028600298, -0.03751083, 0.017758654, -0.045319054, 0.038250107, 0.015105055, -0.01231564
-0.031859633, -0.010878835, 0.024129035, 0.024453636, -0.030646143, 0.013816692, -0.033970576, 0.029451702, 0.011496066, -0.009724199
-0.02945646, -0.011151954, 0.021265075, 0.020422759, -0.028925369, 0.012972479, -0.030933997, 0.028423885, 0.011990622, -0.008799633
-0.047066785, -0.015327762, 0.029573984, 0.031071868, -0.03752534, 0.018706445, -0.047176123, 0.04266911, 0.015831685, -0.013262753
-0.048574567, -0.017563561, 0.032677617, 0.035617165, -0.03976422, 0.020101156, -0.052592605, 0.04462095, 0.017077208, -0.011039262
-0.03957571, -0.015412842, 0.028684406, 0.02731213, -0.035253912, 0.01769367, -0.04278254, 0.03661358, 0.015312881, -0.011007768
-0.031539876, -0.011582139, 0.022056015, 0.022390531, -0.02779654, 0.012988796, -0.031575236, 0.028562663, 0.010500656, -0.00927407
-0.028738815, -0.011108145, 0.022360858, 0.023511466, -0.029022053, 0.012956088, -0.031808898, 0.027795007, 0.010869084, -0.008958655
-0.04060943, -0.0150850015, 0.029201936, 0.029910158, -0.036738183, 0.01696014, -0.04374118, 0.037839353, 0.013237179, -0.010902883
-0.030676363, -0.012605631, 0.025236936, 0.025450908, -0.031467445, 0.01452984, -0.03817829, 0.032437466, 0.0124576995, -0.010335929
-0.039678305, -0.014639739, 0.029943556, 0.030087518, -0.038510375, 0.017082727, -0.03783637, 0.03678592, 0.014434616, -0.011986018
-0.03975258, -0.01422946, 0.027499013, 0.029783217, -0.03433152, 0.016435485, -0.041323684, 0.036971122, 0.013611539, -0.0117215775
-0.03816766, -0.014096026, 0.027834313, 0.028836204, -0.033771843, 0.017374376, -0.036176797, 0.03823061, 0.012920946, -0.01056161
-0.04631561, -0.015906973, 0.03128274, 0.036005232, -0.037929017, 0.01862471, -0.040486827, 0.038382906, 0.015368428, -0.01306631
-0.03827068, -0.014480161, 0.028354635, 0.030926162, -0.036346905, 0.017872112, -0.035752002, 0.03910416, 0.013188057, -0.011539633
-0.034417115, -0.012372491, 0.023531776, 0.025824059, -0.03126914, 0.0143981865, -0.03635139, 0.029884253, 0.011894788, -0.010482349
-0.04943772, -0.019307328, 0.03637906, 0.034310143, -0.04401476, 0.023725841, -0.05420012, 0.04630152, 0.020185716, -0.013892673
-0.030383276, -0.011133941, 0.02163378, 0.021310113, -0.027389145, 0.01264683, -0.033325307, 0.028155789, 0.010851158, -0.0089236405
-0.0339164, -0.011987827, 0.025810186, 0.025517432, -0.030693067, 0.015308187, -0.041069336, 0.035001118, 0.013004608, -0.01078413
-0.040253397, -0.014689797, 0.02792863, 0.03151623, -0.035862353, 0.017036261, -0.04105757, 0.03882055, 0.015607183, -0.012141662
-0.041465618, -0.015179057, 0.029942455, 0.032984346, -0.038716976, 0.017834648, -0.04219498, 0.037494775, 0.014151992, -0.012708083
-0.04363891, -0.015885528, 0.031321272, 0.032457024, -0.03660811, 0.018488014, -0.04722662, 0.04081942, 0.015351422, -0.012949738
-0.041808803, -0.015149617, 0.02967477, 0.029424468, -0.0365658, 0.01780089, -0.045239266, 0.03838801, 0.01506304, -0.0121628735
-0.038422447, -0.013844087, 0.026881108, 0.027750274, -0.03166157, 0.015907947, -0.04180204, 0.035163064, 0.0135087045, -0.010518039
-0.037669092, -0.013536735, 0.026972443, 0.025342353, -0.034293123, 0.016058508, -0.041082993, 0.033733055, 0.013702636, -0.0112319365
-0.0431811, -0.01574852, 0.030977786, 0.03118836, -0.03895571, 0.018431796, -0.04611724, 0.037956953, 0.015875144, -0.012995269
-0.04806192, -0.016863622, 0.034636345, 0.034569357, -0.04342231, 0.020459091, -0.051970966, 0.044438846, 0.017366225, -0.014769607
-0.04217864, -0.01517122, 0.028537255, 0.027475901, -0.03577858, 0.017919077, -0.039624933, 0.03682839, 0.01566408, -0.011190123
-0.040249836, -0.015627999, 0.026637364, 0.026783826, -0.036299724, 0.019191174, -0.044560406, 0.037369877, 0.01648855, -0.010192959
-0.04423851, -0.015771396, 0.031408094, 0.030328337, -0.04071795, 0.018431196, -0.04452616, 0.039943762, 0.015535673, -0.013074039
-0.037176933, -0.013941855, 0.027253307, 0.025371429, -0.037138153, 0.015959729, -0.038635246, 0.03343789, 0.013404885, -0.011167751
-0.036889225, -0.013338088, 0.026585093, 0.025141113, -0.030597439, 0.015538584, -0.039811544, 0.034781814, 0.014091219, -0.011211475
-0.041647952, -0.015038558, 0.029945223, 0.030098725, -0.037742715, 0.01765452, -0.0448588, 0.03832779, 0.012718881, -0.012511126
-0.05092335, -0.018315593, 0.03558103, 0.038476355, -0.043857843, 0.021428907, -0.055982843, 0.046871554, 0.018183134, -0.015511998
-0.040536705, -0.013239398, 0.029161854, 0.029565418, -0.036398135, 0.016978621, -0.043780796, 0.037320018, 0.014684065, -0.012208776
-0.034882445, -0.012083914, 0.024430295, 0.023024105, -0.030239524, 0.013662669, -0.036199402, 0.031117966, 0.011729786, -0.009488281
-0.03265693, -0.011774236, 0.023352688, 0.02404368, -0.029478401, 0.013729159, -0.03385787, 0.029934278, 0.011207168, -0.009870584
-0.049555875, -0.017529398, 0.035816416, 0.031680636, -0.042605393, 0.020255495, -0.047618803, 0.045633834, 0.017323017, -0.01530819
-0.035809003, -0.013265969, 0.026260428, 0.026621114, -0.032114733, 0.014424582, -0.039220013, 0.035463013, 0.012887086, -0.01112401
-0.05573403, -0.0213743, 0.039814245, 0.03693218, -0.049162872, 0.02519495, -0.059813976, 0.050615083, 0.02160918, -0.0155315995
-0.039979104, -0.014922341, 0.03263624, 0.02932386, -0.036903065, 0.017338354, -0.044167917, 0.036650922, 0.0146609135, -0.012310285
-0.037152402, -0.012602076, 0.026192227, 0.026341667, -0.032452695, 0.0150789395, -0.040267304, 0.031931, 0.012896668, -0.010005302
-0.051525008, -0.018652355, 0.036865987, 0.037621997, -0.0467813, 0.020327305, -0.05593106, 0.047667943, 0.018602842, -0.01673175
-0.04104327, -0.014735105, 0.029289676, 0.029777415, -0.03388078, 0.017230088, -0.043258734, 0.037717417, 0.01454221, -0.012249689
-0.030561225, -0.0119975675, 0.023741238, 0.024752028, -0.030585615, 0.013923384, -0.037183665, 0.0303563, 0.011728955, -0.010079856
-0.031062724, -0.011266609, 0.022464419, 0.022578, -0.028229738, 0.013147757, -0.033819158, 0.025596762, 0.011123725, -0.009153399
-0.03659473, -0.012551749, 0.026877888, 0.027829127, -0.03438367, 0.015694454, -0.038836513, 0.034355987, 0.01335345, -0.011957405
-0.045835905, -0.015160539, 0.030192688, 0.027116766, -0.041002367, 0.018251754, -0.048920285, 0.041178335, 0.016156, -0.013448907
-0.042221878, -0.014088021, 0.027957838, 0.028353792, -0.039053135, 0.018569276, -0.04109072, 0.034288056, 0.0144233275, -0.014612988
-0.042087633, -0.014108501, 0.029158002, 0.025158212, -0.037409484, 0.017240936, -0.044844843, 0.03499748, 0.014920505, -0.012695823
-0.046602476, -0.017604858, 0.033163343, 0.031984705, -0.041159112, 0.02112562, -0.050320912, 0.042534325, 0.017793082, -0.012826714
-0.02759705, -0.01113705, 0.02213827, 0.022905897, -0.027789911, 0.013078815, -0.034377985, 0.02850412, 0.011001685, -0.00920993
-0.038633045, -0.014990536, 0.03038801, 0.028549502, -0.037490685, 0.017196253, -0.047075972, 0.03720765, 0.014788557, -0.011642857
-0.03464194, -0.012550159, 0.024918325, 0.025468474, -0.031611994, 0.014579558, -0.03510482, 0.03179045, 0.012358659, -0.010380685
-0.036785495, -0.0133418655, 0.026778502, 0.026472664, -0.033230864, 0.015071391, -0.038655635, 0.03381044, 0.013091769, -0.011081476
-0.03297159, -0.0124918, 0.024881437, 0.026826065, -0.03286198, 0.014523796, -0.03601227, 0.030085415, 0.012358387, -0.010317365
-0.0383251, -0.0135409385, 0.02958592, 0.026528848, -0.03229933, 0.015754864, -0.03737282, 0.03398832, 0.013693698, -0.011146001
-0.039485227, -0.014558878, 0.033422604, 0.028822673, -0.034917235, 0.017036373, -0.039974444, 0.03624663, 0.0149279, -0.011931356
-0.035767935, -0.012700047, 0.025624443, 0.027049316, -0.029800886, 0.014847677, -0.035073265, 0.03228722, 0.012546991, -0.01096033
-0.04085891, -0.014047378, 0.02734591, 0.029091412, -0.03372704, 0.016458405, -0.043771848, 0.030866392, 0.013858391, -0.011652905
-0.02907608, -0.01022341, 0.020491531, 0.018787662, -0.025796289, 0.011956833, -0.029698469, 0.026005024, 0.010117343, -0.008486421
-0.042855125, -0.016232025, 0.030981518, 0.02973506, -0.038097423, 0.019402035, -0.046223562, 0.0392016, 0.01614106, -0.012012611
-0.04255874, -0.01591094, 0.033412475, 0.03337589, -0.038224477, 0.01858611, -0.043828286, 0.04138356, 0.015803449, -0.0130549865
-0.033066217, -0.012084393, 0.023923209, 0.024165347, -0.030113965, 0.014099059, -0.03563137, 0.03057125, 0.011932882, -0.008101369
-0.029326381, -0.011733637, 0.023157666, 0.023830699, -0.028578686, 0.013748699, -0.036228623, 0.03007639, 0.011562229, -0.009589598
-0.03176681, -0.012105647, 0.024024712, 0.024555298, -0.0304095, 0.013880274, -0.03619313, 0.030867968, 0.011867575, -0.009225903
-0.0403448, -0.014871762, 0.029528849, 0.027684683, -0.038633753, 0.016934626, -0.045347057, 0.035730444, 0.014447643, -0.012422949
-0.036365397, -0.013952165, 0.027984962, 0.029057713, -0.03534494, 0.016075166, -0.041909054, 0.034052864, 0.013627462, -0.011594136
-0.03449228, -0.01528641, 0.028263593, 0.024165211, -0.03748972, 0.018203063, -0.039143976, 0.036142934, 0.01611797, -0.0104944585
-0.03973137, -0.014351864, 0.027951332, 0.027887376, -0.034932394, 0.016532315, -0.043516163, 0.03673847, 0.013469679, -0.012049554
-0.03886983, -0.01362742, 0.028166203, 0.027848389, -0.035468057, 0.016428227, -0.03992659, 0.036509104, 0.013675687, -0.012069598
-0.03855034, -0.013902192, 0.027649978, 0.028541684, -0.0352748, 0.016295694, -0.04141148, 0.035679314, 0.013494961, -0.010522413
-0.046547085, -0.017503645, 0.033519708, 0.03270495, -0.041693006, 0.020512724, -0.05027685, 0.04305352, 0.017574461, -0.013101896
-0.04292207, -0.015451002, 0.030634806, 0.0310884, -0.035981543, 0.017897462, -0.046603937, 0.039846685, 0.014994805, -0.01242872
-0.038638547, -0.013977497, 0.027868116, 0.028577639, -0.035736132, 0.016316973, -0.040436313, 0.034562916, 0.013550976, -0.011699898
-0.037711814, -0.013757569, 0.027596027, 0.028641613, -0.032784548, 0.015916584, -0.040290866, 0.035209566, 0.013416675, -0.011548018
-0.042434786, -0.015532994, 0.030737564, 0.031100307, -0.038897727, 0.017996363, -0.04579282, 0.0393171, 0.013369426, -0.012886346
-0.041500885, -0.014105381, 0.02599539, 0.023847312, -0.035218123, 0.016285779, -0.04012231, 0.03676208, 0.0139580695, -0.011627068
-0.043146923, -0.015322926, 0.031268716, 0.03191256, -0.039816227, 0.017639507, -0.046752572, 0.038063712, 0.015124091, -0.013070511
-0.044129856, -0.016494166, 0.03275096, 0.030726498, -0.0422583, 0.019141223, -0.049501, 0.042072445, 0.016078081, -0.0136906095
-0.034421902, -0.012831847, 0.0250251, 0.026026106, -0.03229509, 0.014664431, -0.038721908, 0.032732695, 0.012466674, -0.010924847
-0.03818536, -0.012977585, 0.026980022, 0.027291741, -0.03453673, 0.01620187, -0.041180186, 0.03529392, 0.013707539, -0.01254016
-0.03951371, -0.014506867, 0.025526077, 0.02762822, -0.032694347, 0.016802631, -0.041528925, 0.035852302, 0.013541162, -0.010966239
-0.046298128, -0.017129496, 0.03294593, 0.032743316, -0.041568663, 0.020130092, -0.049851373, 0.04296633, 0.017132606, -0.013473299
-0.03727844, -0.013730476, 0.026666513, 0.025916103, -0.03300727, 0.015838644, -0.03705403, 0.03378777, 0.013559983, -0.010575371
-0.04416016, -0.016638367, 0.028523022, 0.03312157, -0.039512526, 0.0159886, -0.047188237, 0.041629493, 0.014943134, -0.013791651
-0.036555734, -0.014158819, 0.027132133, 0.033267304, -0.03256994, 0.016227404, -0.03830145, 0.033194333, 0.013400999, -0.012277976
-0.03869543, -0.013858771, 0.026913052, 0.024719048, -0.034141816, 0.013933608, -0.038878713, 0.034587078, 0.014075022, -0.010563968
-0.041488413, -0.01509316, 0.028474445, 0.029609635, -0.036769416, 0.01747765, -0.040264264, 0.040356897, 0.014912439, -0.011577512
-0.042693973, -0.015868487, 0.030513834, 0.029854503, -0.03768256, 0.018397283, -0.04209693, 0.0397141, 0.01416262, -0.012070085
-0.032292444, -0.011856658, 0.022924801, 0.02496061, -0.027291156, 0.012812003, -0.032612287, 0.029399075, 0.0119795725, -0.00903899
-0.039851148, -0.014828561, 0.02818881, 0.029167732, -0.031995505, 0.016937342, -0.044613976, 0.035554364, 0.015055569, -0.011294192
-0.042291753, -0.015473941, 0.030453606, 0.031017128, -0.038708445, 0.017900303, -0.044831377, 0.03898156, 0.015020324, -0.013394612
-0.04842565, -0.018166728, 0.035188273, 0.03481596, -0.044196296, 0.021017484, -0.052857053, 0.045176987, 0.017741207, -0.014171503
-0.043003563, -0.01579974, 0.030382454, 0.029875396, -0.037921492, 0.018481579, -0.046168767, 0.039093215, 0.01578374, -0.0120642
-0.044772502, -0.016219072, 0.032196227, 0.031006062, -0.038578548, 0.01873238, -0.049133703, 0.04092167, 0.015902992, -0.013607458
-0.042351823, -0.015696133, 0.031512666, 0.029722504, -0.041858457, 0.01825292, -0.041997295, 0.040714517, 0.0153791085, -0.01290413
-0.026857054, -0.010551184, 0.021217182, 0.018904364, -0.026610514, 0.012331706, -0.03247022, 0.027051179, 0.010421801, -0.008634594
-0.036008146, -0.012861977, 0.024133323, 0.026231788, -0.032555778, 0.015180978, -0.039485864, 0.032997806, 0.012519327, -0.0107182935
-0.040941376, -0.01581631, 0.031524017, 0.031914636, -0.040052768, 0.018337574, -0.048034057, 0.040037148, 0.015452248, -0.013553953
-0.032650042, -0.012033432, 0.022517126, 0.023053912, -0.029546518, 0.013911827, -0.035058428, 0.030022549, 0.011857877, -0.009140471
-0.040684752, -0.014425519, 0.027906286, 0.02814311, -0.03595578, 0.016864253, -0.041424584, 0.0355229, 0.014365001, -0.011519085
-0.040992767, -0.01494226, 0.028649764, 0.028883887, -0.036337703, 0.016734732, -0.04192547, 0.03768289, 0.014949712, -0.012748965
-0.033162195, -0.011749427, 0.024309868, 0.023023197, -0.030011592, 0.014420336, -0.036221083, 0.030813945, 0.012424666, -0.01021049
-0.039392598, -0.015470917, 0.02945387, 0.028337492, -0.036792874, 0.017982822, -0.045223847, 0.037445106, 0.015413775, -0.011327444
-0.035762057, -0.013472306, 0.025659852, 0.024060005, -0.031016976, 0.015513595, -0.03793371, 0.033196185, 0.013582111, -0.010027343
-0.034682706, -0.012997068, 0.025139054, 0.02303103, -0.031442158, 0.015078029, -0.037374765, 0.032130964, 0.01297164, -0.009989899
-0.035083108, -0.012778497, 0.02528619, 0.023858093, -0.03396474, 0.014859379, -0.036592346, 0.03264512, 0.01255455, -0.01070273
-0.046410818, -0.01838057, 0.033581175, 0.033096176, -0.043394025, 0.021271827, -0.049932316, 0.04490227, 0.018310338, -0.013225786
-0.03651454, -0.013796471, 0.026529025, 0.026294913, -0.034013342, 0.017648503, -0.040441066, 0.034779496, 0.014277483, -0.01053135
-0.029385362, -0.011681798, 0.02255134, 0.021477927, -0.027696783, 0.013766382, -0.033956286, 0.02844127, 0.011751611, -0.008741791
-0.047341526, -0.019373491, 0.03761704, 0.034102496, -0.045144416, 0.023038948, -0.055274803, 0.046845276, 0.019813972, -0.013834196
-0.04522464, -0.016792532, 0.03153236, 0.03039876, -0.039258342, 0.020192336, -0.0453583, 0.04084289, 0.017754909, -0.012039813
-0.04445328, -0.017196957, 0.032071874, 0.030188328, -0.039126653, 0.01762539, -0.04839906, 0.04092075, 0.01749644, -0.01190014
-0.037492715, -0.015486218, 0.029107543, 0.026956582, -0.03508394, 0.017961279, -0.04286681, 0.03654598, 0.015627468, -0.010811213
-0.03942942, -0.015889866, 0.02979058, 0.027697414, -0.03547634, 0.019117268, -0.042655267, 0.037415795, 0.016916497, -0.011088907
-0.037631135, -0.013884289, 0.026976619, 0.026490783, -0.03369349, 0.01633127, -0.040258225, 0.034753144, 0.013872624, -0.010922672
-0.040969133, -0.016520187, 0.028505312, 0.027527766, -0.03562856, 0.018544955, -0.04182669, 0.037148137, 0.016576359, -0.011044329
-0.0380835, -0.014743409, 0.027103972, 0.025505288, -0.033350952, 0.017053692, -0.039178073, 0.03475766, 0.015122152, -0.010099882
-0.0415613, -0.015039476, 0.029883979, 0.030050868, -0.038039114, 0.017689066, -0.04349082, 0.038572293, 0.014655708, -0.012329611
-0.038235895, -0.013434304, 0.026672494, 0.02728035, -0.031160967, 0.015648484, -0.04023759, 0.03427787, 0.01322111, -0.011498498
-0.0555187, -0.022050908, 0.04187972, 0.03876768, -0.050938852, 0.026730144, -0.06200306, 0.05274473, 0.022582162, -0.01578417
-0.052451402, -0.020640943, 0.038545355, 0.03688031, -0.047416218, 0.026602013, -0.057623338, 0.04941419, 0.020977838, -0.014923813
-0.048913676, -0.017989306, 0.03755741, 0.03685624, -0.04184127, 0.02147334, -0.049988303, 0.044191074, 0.023816504, -0.0153030045
-0.040162843, -0.0151922405, 0.029392198, 0.029357396, -0.035852164, 0.017602809, -0.044421412, 0.0383616, 0.015035846, -0.011696476
-0.032918848, -0.012087418, 0.023005702, 0.023521623, -0.02952269, 0.013822515, -0.03298258, 0.029447176, 0.012052784, -0.009321814
-0.044735283, -0.013793016, 0.03281002, 0.030475674, -0.03979061, 0.02102268, -0.046716277, 0.04351025, 0.020262625, -0.01165607
-0.042910557, -0.01663342, 0.031044653, 0.030268589, -0.038621534, 0.019008268, -0.046115916, 0.039809156, 0.016294988, -0.012240497
-0.023002917, -0.008350621, 0.016513584, 0.015649224, -0.020372828, 0.009807841, -0.023749536, 0.021054007, 0.008330813, -0.0065952684
-0.051797934, -0.02044488, 0.03741423, 0.036559276, -0.04661694, 0.022946106, -0.0560571, 0.04784357, 0.019787805, -0.01472298
-0.04349889, -0.015490917, 0.031385694, 0.031629443, -0.04069904, 0.017552909, -0.04648092, 0.040148716, 0.01569657, -0.013110988
-0.03986031, -0.014601658, 0.02908113, 0.029104754, -0.036565017, 0.017230773, -0.043792672, 0.03739451, 0.014403977, -0.012335669
-0.03580756, -0.012591318, 0.025216907, 0.024592677, -0.031693134, 0.013874078, -0.03670175, 0.03210214, 0.012447436, -0.0104367
-0.04760985, -0.018591944, 0.034684453, 0.033779368, -0.0428414, 0.02087815, -0.052172776, 0.04446723, 0.018015483, -0.013149796
-0.041083585, -0.014905248, 0.029490318, 0.030152861, -0.0373959, 0.017188214, -0.04460858, 0.037025426, 0.014397829, -0.012481567
-0.031630058, -0.011622109, 0.02310657, 0.023635743, -0.0291952, 0.013658709, -0.03479065, 0.029294634, 0.011390002, -0.009646564
-0.04653937, -0.017724799, 0.03370904, 0.032677468, -0.043211143, 0.020338312, -0.049623292, 0.04330527, 0.01758586, -0.013130651
-0.03833642, -0.013537821, 0.027666187, 0.027229052, -0.034461487, 0.016339747, -0.041313276, 0.03575689, 0.014229243, -0.011021419
-0.03891422, -0.014400064, 0.027435148, 0.027200337, -0.034767967, 0.016988143, -0.041787498, 0.035726614, 0.014526987, -0.011087
-0.044499267, -0.015874943, 0.032546468, 0.02990468, -0.044370376, 0.017559005, -0.042068407, 0.038884047, 0.015650261, -0.013378415
-0.04347566, -0.015527277, 0.031313777, 0.03107651, -0.03954328, 0.018446814, -0.047242716, 0.04016451, 0.015317942, -0.013068755
-0.050546523, -0.018542456, 0.03629582, 0.037597958, -0.046667907, 0.021482391, -0.053760856, 0.04737644, 0.017829487, -0.015643934
-0.03869237, -0.013870053, 0.027820412, 0.02820383, -0.034834165, 0.016426045, -0.041723274, 0.035756662, 0.0133406045, -0.012253236
-0.0471645, -0.01693956, 0.03374452, 0.034690678, -0.04330161, 0.020006508, -0.05100985, 0.042750493, 0.01602404, -0.014326821
-0.044952393, -0.016190719, 0.03238567, 0.032738794, -0.040835805, 0.019157559, -0.04898595, 0.040666707, 0.015580336, -0.013645979
-0.050967656, -0.018757213, 0.037127666, 0.03794277, -0.045697592, 0.021972701, -0.056210924, 0.047667354, 0.018428, -0.0154269105
-0.040035997, -0.014760459, 0.027243381, 0.027618583, -0.03437912, 0.016661773, -0.042880353, 0.03616648, 0.013302295, -0.011875036
-0.038768932, -0.013322285, 0.026848344, 0.026404498, -0.033107415, 0.015564532, -0.03604156, 0.033390265, 0.012959203, -0.010897018
-0.03709631, -0.013494166, 0.02592312, 0.026622165, -0.032136742, 0.015705856, -0.042976953, 0.032353465, 0.0130937435, -0.010960731
-0.043031834, -0.015709084, 0.031087425, 0.031386588, -0.040268026, 0.018182412, -0.045697063, 0.039722264, 0.01523801, -0.0130645875
-0.042679824, -0.0154029345, 0.030452665, 0.027735112, -0.037661344, 0.018043818, -0.04587891, 0.03743783, 0.015298732, -0.012068891
-0.03611423, -0.01336535, 0.026065206, 0.03065434, -0.032127563, 0.015584845, -0.03881483, 0.03367508, 0.013081997, -0.011178921
-0.03366587, -0.012249813, 0.023723846, 0.024433104, -0.034304637, 0.012897176, -0.03630589, 0.03158541, 0.014379409, -0.011059096
-0.047013752, -0.016967123, 0.03354135, 0.033265337, -0.04262052, 0.01982065, -0.04897013, 0.0435598, 0.016692799, -0.01414544
-0.052009463, -0.017499482, 0.037489317, 0.039007634, -0.047867194, 0.021767696, -0.054975506, 0.048089232, 0.018473476, -0.016290978
-0.03250278, -0.011689611, 0.023397926, 0.023705706, -0.029734155, 0.0137297325, -0.035097018, 0.029438667, 0.01148174, -0.009836577
-0.04009006, -0.014591047, 0.028883476, 0.02975659, -0.035643913, 0.016592871, -0.044563133, 0.036780924, 0.01416819, -0.012142326
-0.0439962, -0.01595578, 0.029316766, 0.032396723, -0.040099096, 0.01820513, -0.047085136, 0.041391462, 0.015630588, -0.01327184
-0.046449177, -0.016977038, 0.033554696, 0.03425453, -0.042497803, 0.019781018, -0.048751272, 0.044582166, 0.016690973, -0.014417434
-0.048208535, -0.017529592, 0.034606714, 0.035147, -0.043655656, 0.020411534, -0.05043667, 0.04469287, 0.016985744, -0.0147953145
-0.03018603, -0.010917155, 0.021731522, 0.022316191, -0.028261933, 0.011499564, -0.032166507, 0.027767621, 0.010603978, -0.009205918
-0.047027346, -0.016293902, 0.033995822, 0.032677677, -0.041526977, 0.020295758, -0.050594717, 0.043522708, 0.017242046, -0.013120465
-0.039107118, -0.013976806, 0.027878998, 0.028487029, -0.035217308, 0.015842602, -0.04226454, 0.03357796, 0.013713279, -0.011688742
-0.039558955, -0.014226966, 0.028330475, 0.029213756, -0.036006592, 0.015623819, -0.042354435, 0.03634499, 0.014099474, -0.012014424
-0.036898833, -0.013653231, 0.026368476, 0.027177459, -0.033805147, 0.015446991, -0.03749206, 0.034919415, 0.011987152, -0.010907024
-0.034555227, -0.012698332, 0.026209509, 0.028259711, -0.029698484, 0.015159477, -0.036089, 0.032673895, 0.010414616, -0.010665144
-0.03993708, -0.01447958, 0.028633328, 0.029265232, -0.036276218, 0.017042177, -0.042031623, 0.036898404, 0.014241347, -0.011828602
-0.048082504, -0.017584711, 0.035222653, 0.03587611, -0.044860806, 0.02066933, -0.05300039, 0.044529848, 0.017129997, -0.014742254
-0.04225309, -0.015082153, 0.030043118, 0.029717438, -0.03696709, 0.017790757, -0.04618751, 0.038138397, 0.014991496, -0.014844758
-0.027065642, -0.009529913, 0.019412603, 0.019857597, -0.023913136, 0.011431762, -0.028969288, 0.02497055, 0.009640183, -0.009437659
-0.040304657, -0.014318412, 0.027626825, 0.029958673, -0.035121333, 0.016621493, -0.040180676, 0.036971945, 0.013987755, -0.012989479
-0.04563418, -0.016568564, 0.033021487, 0.033600956, -0.04230751, 0.019500688, -0.049107227, 0.04146738, 0.016228028, -0.013719356
-0.03215904, -0.0115439715, 0.022567736, 0.024455184, -0.02670747, 0.013455025, -0.034143336, 0.029245345, 0.011079006, -0.009460501
-0.04933621, -0.017488876, 0.035267133, 0.036533035, -0.045198847, 0.020731062, -0.051188964, 0.045040023, 0.017243765, -0.015273709
-0.031917673, -0.01133877, 0.02308216, 0.023399174, -0.029837556, 0.013607142, -0.03415642, 0.029473856, 0.011416115, -0.009651235
-0.030175658, -0.010924117, 0.0217334, 0.022000754, -0.027558258, 0.01291647, -0.031921715, 0.02785588, 0.010707804, -0.0090740705
-0.041437168, -0.015044841, 0.029667363, 0.030213678, -0.037636418, 0.017607521, -0.04482347, 0.037116233, 0.014866388, -0.012338909
-0.05079807, -0.01805236, 0.035873827, 0.036220428, -0.045462124, 0.021152774, -0.05193671, 0.04628238, 0.01775704, -0.015090266
-0.040663663, -0.013964241, 0.028461479, 0.024246408, -0.035394665, 0.016772553, -0.044875193, 0.034092277, 0.013969152, -0.011756526
-0.04124266, -0.015158199, 0.030239956, 0.031028546, -0.03785153, 0.017055666, -0.04673447, 0.034703434, 0.014979638, -0.012500607
-0.049059004, -0.017751945, 0.035519674, 0.037431255, -0.044586223, 0.0208923, -0.052386235, 0.045320377, 0.01768173, -0.014936632
-0.04070339, -0.013456949, 0.029258553, 0.030376695, -0.03727437, 0.017088907, -0.04320228, 0.034635004, 0.014449475, -0.015444421
-0.035924356, -0.014204561, 0.02844687, 0.029777369, -0.034194186, 0.016570875, -0.046061296, 0.03363363, 0.013753665, -0.015092916
-0.037265487, -0.013524934, 0.027008926, 0.027693614, -0.030598957, 0.015525836, -0.040732224, 0.034446888, 0.013243253, -0.011204699
-0.04492616, -0.015682137, 0.031105239, 0.033086542, -0.041219257, 0.018420747, -0.04304414, 0.040182013, 0.015040603, -0.013836356
-0.042455185, -0.016073983, 0.032126732, 0.031589225, -0.03996438, 0.018507253, -0.048159033, 0.041047882, 0.015140169, -0.013068437
-0.047055405, -0.017070746, 0.03390987, 0.034869082, -0.043445494, 0.019999692, -0.05121937, 0.040917844, 0.016672943, -0.014241787
-0.048967022, -0.018003423, 0.03558572, 0.03604463, -0.04461241, 0.02110642, -0.05438455, 0.045194466, 0.016698271, -0.0148314675
-0.051828243, -0.018901486, 0.037348006, 0.037975308, -0.047107916, 0.022072768, -0.05440475, 0.048103947, 0.01862506, -0.01569017
-0.040565144, -0.014514865, 0.02942301, 0.029380694, -0.036935996, 0.017459756, -0.043831855, 0.038081463, 0.0145814335, -0.012431253
-0.034234475, -0.01209431, 0.024322672, 0.024648989, -0.031241247, 0.014319546, -0.034994345, 0.030294407, 0.011827563, -0.011819635
-0.0292675, -0.010383055, 0.02079529, 0.02252384, -0.026057132, 0.012319051, -0.029960204, 0.026508449, 0.010404872, -0.008843437
-0.0416162, -0.016130146, 0.029579934, 0.03359957, -0.041578617, 0.018656833, -0.048641413, 0.041442934, 0.01460093, -0.013282434
-0.04171271, -0.014375513, 0.029001025, 0.028482428, -0.035670955, 0.016891135, -0.042864356, 0.037504252, 0.014252743, -0.010017634
