0.00883324, 0.03477851, -0.03393801, -0.030894298, -0.011171681, 0.00510366, 0.013912043, -0.0076441597, 0.014074053, -0.037273858
-0.053350642, -0.020280324, 0.03861795, 0.036689356, -0.04718615, 0.024035862, -0.0579375, 0.04930446, 0.020439085, -0.014973273
-0.05293329, -0.01939846, 0.038189277, 0.038220275, -0.048039388, 0.022556692, -0.057042964, 0.048861146, 0.01901462, -0.015817184
-0.05146983, -0.018751625, 0.036958806, 0.03689838, -0.046502627, 0.021993905, -0.055429526, 0.047304388, 0.018552257, -0.015264143
-0.05074205, -0.018585177, 0.036597967, 0.036633637, -0.04605015, 0.021728342, -0.05455655, 0.04685009, 0.018333329, -0.015127816
-0.04383934, -0.01668148, 0.03170783, 0.03044563, -0.039232038, 0.019705866, -0.047418267, 0.04060362, 0.01685944, -0.012301735
-0.05245048, -0.0191614, 0.037816294, 0.03821409, -0.047788646, 0.02239641, -0.056522943, 0.04852251, 0.018833343, -0.01574943
-0.045879018, -0.016701482, 0.033048782, 0.033556998, -0.041761324, 0.019528955, -0.049413387, 0.04241985, 0.016539672, -0.013894932
-0.043311175, -0.016016625, 0.03114826, 0.029371684, -0.038137533, 0.019106805, -0.046882156, 0.039786436, 0.016123027, -0.012090328
-0.050193068, -0.019526836, 0.036319755, 0.03469206, -0.044853233, 0.023192951, -0.05414556, 0.046483964, 0.019857125, -0.013815806
-0.041469675, -0.015151469, 0.029674103, 0.029569315, -0.037440687, 0.017406758, -0.0442955, 0.03818567, 0.014803465, -0.012236936
-0.044074047, -0.016206276, 0.03165871, 0.031578593, -0.040669505, 0.017624008, -0.047089532, 0.04024355, 0.015152474, -0.013119872
-0.04421057, -0.017808475, 0.032415763, 0.030166216, -0.0384384, 0.019561347, -0.047563612, 0.040166732, 0.017748129, -0.009834869
-0.052144036, -0.02122473, 0.038088758, 0.035540357, -0.046842042, 0.02490853, -0.05730733, 0.048716325, 0.020664254, -0.014377982
-0.041410353, -0.016169028, 0.030101547, 0.028580457, -0.037053186, 0.019176697, -0.04506687, 0.038518123, 0.01616667, -0.011462373
-0.045409396, -0.0177606, 0.032683775, 0.031013226, -0.040051717, 0.020571971, -0.048920467, 0.04178732, 0.017770259, -0.01179838
-0.044538945, -0.018704578, 0.03206757, 0.030171776, -0.03768948, 0.019966464, -0.047303613, 0.041300967, 0.017541558, -0.011521926
-0.029124536, -0.010604865, 0.02045343, 0.020479346, -0.02591753, 0.012710356, -0.028004592, 0.02793186, 0.011055091, -0.008531698
-0.0569119, -0.020906834, 0.041164476, 0.040980816, -0.051502775, 0.024504302, -0.06126117, 0.052591372, 0.020683974, -0.016924536
-0.04303907, -0.016818993, 0.0298552, 0.02955899, -0.038084906, 0.019412158, -0.0510773, 0.04405255, 0.017013678, -0.012882801
-0.05049203, -0.019605193, 0.036455784, 0.034592263, -0.045025654, 0.022567874, -0.054495443, 0.04669589, 0.020175744, -0.013458291
-0.052034024, -0.020274125, 0.037904706, 0.03608951, -0.04638953, 0.023806434, -0.056573484, 0.04853002, 0.020337071, -0.014388492
-0.048896257, -0.01796171, 0.03502327, 0.0361248, -0.043944262, 0.021003269, -0.05173021, 0.045100488, 0.017460838, -0.014453275
