0.02482386, 0.014061213, -0.01895837, -0.023914745, 0.038432818
-0.011082696, 0.03904636, -0.044253383, -0.032631, 0.034328815
-0.012233929, 0.043325983, -0.046001256, -0.036260355, 0.038207237
-0.01950257, 0.052118625, -0.059258126, -0.043122653, 0.041226342
-0.0099785, 0.037234195, -0.038778566, -0.030026875, 0.030698316
-0.012554061, 0.04833168, -0.04858478, -0.039432816, 0.03809929
-0.012081394, 0.04446145, -0.04667358, -0.03698009, 0.035090536
-0.008855941, 0.032661304, -0.03436309, -0.027077409, 0.027083166
-0.009614044, 0.034248665, -0.03585941, -0.028198272, 0.028572837
-0.007441429, 0.027633203, -0.029026475, -0.02275839, 0.023115817
-0.009826442, 0.036674418, -0.0373782, -0.029807558, 0.02977738
-0.0114589315, 0.043127436, -0.044306595, -0.03415006, 0.034144826
-0.011296076, 0.03705855, -0.042908788, -0.03333112, 0.038780425
-0.008457263, 0.031633783, -0.033125706, -0.0260547, 0.02612376
-0.008672407, 0.03232468, -0.03427874, -0.026123166, 0.0263222
-0.009925874, 0.035890277, -0.03821095, -0.029515741, 0.029283531
-0.009460362, 0.034991913, -0.036728468, -0.028407112, 0.028703343
-0.014265465, 0.05232898, -0.052803732, -0.04317369, 0.042505678
-0.008101477, 0.030465154, -0.03166218, -0.024902184, 0.024840446
-0.009696993, 0.03577374, -0.03715985, -0.02942309, 0.029884372
-0.0083248755, 0.030926578, -0.032127015, -0.02523016, 0.02443166
-0.012665731, 0.045237277, -0.04783006, -0.03764288, 0.039219655
-0.011306523, 0.041622363, -0.04405394, -0.034579232, 0.034927852
-0.009624988, 0.03401184, -0.03591948, -0.028400863, 0.030083027
-0.01081528, 0.03982752, -0.041552875, -0.032481533, 0.03171005
-0.010251356, 0.038392607, -0.040029522, -0.03162003, 0.029893626
-0.0076781046, 0.028475054, -0.029797368, -0.023217147, 0.023777429
-0.009753489, 0.036417816, -0.03827559, -0.029851358, 0.030513002
-0.012486985, 0.04572007, -0.048785936, -0.037426, 0.03712069
-0.011572283, 0.046307515, -0.04825782, -0.03780372, 0.03787782
-0.0092694145, 0.033604357, -0.035415586, -0.02785536, 0.027913334
-0.010962933, 0.04018, -0.04204644, -0.033549648, 0.03464107
-0.012362018, 0.046218704, -0.04724611, -0.03876481, 0.03694414
-0.007598185, 0.028226469, -0.029565787, -0.023130145, 0.023149999
-0.010558278, 0.035802234, -0.03904533, -0.030609138, 0.03274952
-0.012786181, 0.047261793, -0.04972047, -0.03896726, 0.037173696
-0.013924396, 0.050942827, -0.053042836, -0.041284252, 0.040408235
-0.008909396, 0.033431686, -0.034935594, -0.027402427, 0.02723082
-0.013551061, 0.051983967, -0.054090634, -0.04215296, 0.04283946
-0.010472022, 0.039129663, -0.040938243, -0.031809162, 0.032660622
-0.011305685, 0.042023253, -0.043863192, -0.034690637, 0.032936912
-0.007959886, 0.03012518, -0.031426128, -0.02444637, 0.024893418
-0.012972053, 0.048502464, -0.05071681, -0.04039449, 0.037720483
-0.008333171, 0.030838195, -0.03249136, -0.025553301, 0.02591467
-0.006637718, 0.025152689, -0.024778279, -0.01990265, 0.019474365
-0.01199207, 0.043473545, -0.04665552, -0.03627497, 0.035440415
-0.011982217, 0.041778665, -0.04469398, -0.03523532, 0.03778649
-0.010471539, 0.03902187, -0.04085542, -0.03210013, 0.030857537
-0.011992651, 0.046949897, -0.0479521, -0.038467366, 0.03658946
-0.0074401866, 0.028711746, -0.029910216, -0.023238283, 0.023643099
-0.0066780522, 0.020220118, -0.023508916, -0.018269634, 0.020292139
-0.012099292, 0.045818042, -0.04723049, -0.037553538, 0.03538551
-0.009834079, 0.039097957, -0.040786903, -0.032213453, 0.031574253
-0.010590186, 0.035950672, -0.03919277, -0.030608881, 0.032944836
-0.013236432, 0.049857877, -0.05145778, -0.041032556, 0.038851883
-0.010478705, 0.037466753, -0.039711114, -0.031137496, 0.032172993
-0.013283783, 0.046456177, -0.048992313, -0.03888232, 0.041212652
-0.010567079, 0.036640845, -0.0401002, -0.031624265, 0.03284949
-0.011499491, 0.04244372, -0.04464961, -0.034826957, 0.03545664
