0.018488681, 0.012064078, -0.03560459, 0.0017995279, -0.004597586, 0.0015854813, -0.06595612, -0.009287496, -0.013681254, -0.0042425566
-0.00030154054, -0.03880273, 0.0024367836, -0.05593547, 0.038138784, 0.0032381713, 0.03322883, -0.024931408, -0.031761542, 0.016954785
8.5728214e-05, -0.03393421, -0.000999474, -0.04679244, 0.032093614, 0.001468242, 0.027168604, -0.022425583, -0.026220022, 0.016524378
-0.0003833323, -0.047608275, 0.00068378367, -0.068362094, 0.04662787, 0.0027119378, 0.040562663, -0.031370647, -0.037642777, 0.021066546
-0.0004264222, -0.04238651, 0.0013453038, -0.0613148, 0.041093104, 0.0024978893, 0.036030017, -0.028543781, -0.033404905, 0.018714288
-0.000507158, -0.044033658, 0.00034853688, -0.06365586, 0.0429972, 0.0026292733, 0.037337817, -0.029492652, -0.03521516, 0.018423531
-0.0004559061, -0.0326292, 0.0007704553, -0.04260515, 0.030233713, 0.00063251733, 0.02630339, -0.021091755, -0.024309633, 0.013806683
0.00030922872, -0.0329306, 6.99903e-05, -0.053013902, 0.034503333, 0.0015571, 0.03145143, -0.027206399, -0.02741863, 0.01360669
0.00059464463, -0.041390665, 0.0025684382, -0.060951557, 0.038004167, 0.0018421265, 0.035624392, -0.02816955, -0.02926874, 0.023505751
-0.0016552168, -0.035620883, 0.0005251099, -0.053331137, 0.03335292, -0.00023253806, 0.03056592, -0.02502257, -0.02834485, 0.01568552
-0.0009881109, -0.037073884, 0.0015271782, -0.054030597, 0.036532145, 0.0019943002, 0.030897034, -0.024296701, -0.029735742, 0.015399852
-0.00095182983, -0.048592273, 0.00084159867, -0.06499558, 0.045716055, 0.0026431743, 0.03776811, -0.030896071, -0.03771932, 0.019839674
-0.0020635354, -0.037898514, 0.0015872403, -0.05518386, 0.037431568, 0.0023012075, 0.03184536, -0.024884177, -0.029865049, 0.01609793
-0.0032825838, -0.03529105, -0.00070021604, -0.052500647, 0.034518182, 0.0021820848, 0.030563429, -0.0241946, -0.027871609, 0.015751095
-0.00078435405, -0.0291987, 4.3692567e-06, -0.04473988, 0.032249283, 0.0012886457, 0.026783817, -0.022004616, -0.02499871, 0.012987423
-0.00072158687, -0.036935665, 0.0016355024, -0.053628664, 0.03716076, 0.002370858, 0.030725578, -0.024252936, -0.029457081, 0.015649144
-0.0011033927, -0.042544916, 0.001676924, -0.061826836, 0.04194744, 0.0025357113, 0.034971192, -0.027889827, -0.034303863, 0.017983459
-0.0009491283, -0.04080881, 0.0017110795, -0.059426308, 0.040488347, 0.0026257818, 0.034479845, -0.026928352, -0.033031486, 0.016842132
-0.00079403445, -0.042714383, 0.001787489, -0.061241236, 0.04254976, 0.0026748353, 0.035886377, -0.028085753, -0.03416677, 0.018119732
-0.0005646781, -0.05404502, 0.002125472, -0.07988767, 0.049054097, 0.002427133, 0.046955805, -0.036160335, -0.042488337, 0.024578894
-0.00022816876, -0.043449048, 0.002035082, -0.06433478, 0.04137721, 0.002304982, 0.037562322, -0.028977878, -0.03403966, 0.019943167
-0.00025608644, -0.03616271, 0.0017106908, -0.053377308, 0.03417009, 0.0020166037, 0.031050883, -0.023956325, -0.028311545, 0.016480345
-5.544933e-05, -0.04589159, 0.002042309, -0.06801568, 0.043848116, 0.0025585883, 0.03879802, -0.030208241, -0.035664245, 0.021238599
-0.0002983941, -0.040569868, 0.0018191303, -0.059678435, 0.03869705, 0.001744938, 0.034788292, -0.026998952, -0.03178183, 0.018297417
0.00082819763, -0.035360433, 0.0011593766, -0.049706563, 0.034400906, 0.0029045292, 0.02895711, -0.02537002, -0.027276203, 0.014383993
-0.0007899147, -0.043237764, 0.001829671, -0.06326155, 0.042429756, 0.0017809124, 0.03684131, -0.028591039, -0.034119237, 0.017510464
-0.0008676246, -0.0321882, 0.0010451246, -0.046669114, 0.03160374, 0.0020067745, 0.027387919, -0.022241335, -0.025154153, 0.013780619
-0.00039795684, -0.045441315, 0.0010080194, -0.0664503, 0.04457265, 0.0026444038, 0.03826923, -0.030020101, -0.035528522, 0.020796556
-0.0010551737, -0.049828198, 0.0024241456, -0.07299641, 0.048659198, 0.002966267, 0.042283304, -0.03259433, -0.040303744, 0.020223292
-0.0020188007, -0.048778646, 0.0024738233, -0.071497016, 0.04842556, 0.0030819983, 0.04141523, -0.03178977, -0.038868867, 0.01917104
-0.00035146446, -0.042677734, 0.0015293095, -0.062023263, 0.0419048, 0.002351653, 0.03657772, -0.02819703, -0.033276297, 0.019163152
0.0005950356, -0.059912667, -0.001088022, -0.08809591, 0.055309523, 0.0028260108, 0.051677305, -0.04188948, -0.044917822, 0.028669553
-7.871571e-05, -0.040353417, 3.78274e-05, -0.059405193, 0.037662428, 0.0017965421, 0.034631606, -0.02748697, -0.03103248, 0.018755691
0.00075444015, -0.04907585, -0.0014069178, -0.072327316, 0.046170734, 0.002342023, 0.042649716, -0.032094795, -0.03510829, 0.02385785
-9.552275e-06, -0.04724627, 0.00046123762, -0.06955554, 0.04437265, 0.0010869979, 0.040760525, -0.031698324, -0.036120694, 0.022958629
-0.0011314115, -0.047629938, 0.0020986807, -0.057390995, 0.04290272, 0.0026835655, 0.03599445, -0.030084664, -0.03544285, 0.0196279
-0.00017257239, -0.04910381, -0.00045765305, -0.072070144, 0.046092417, 0.0018394887, 0.04165971, -0.034468412, -0.037533097, 0.022961859
-0.00035544834, -0.046262324, 0.00094507344, -0.0679424, 0.045274887, 0.0025701614, 0.039648086, -0.030194558, -0.0358409, 0.020548312
-0.0005574847, -0.044134635, 0.0021873305, -0.06473206, 0.04311876, 0.0024192475, 0.037628215, -0.028838014, -0.03475713, 0.019087182
0.002531674, -0.039611626, -0.00035709894, -0.061883334, 0.036673248, 0.002288239, 0.029828874, -0.027871177, -0.032534063, 0.018209193
0.002500108, -0.046488136, 0.0021689644, -0.06655679, 0.036794674, 0.0025665364, 0.034787178, -0.030019885, -0.032351345, 0.019664817
-0.0038440835, -0.042226333, 0.0010833164, -0.05698961, 0.03923312, 0.002102381, 0.034280684, -0.02805457, -0.029400684, 0.018030558
-0.0009538746, -0.048782457, 0.0023463394, -0.070859015, 0.04892402, 0.0029375583, 0.04145686, -0.031904306, -0.03836272, 0.020619918
-0.0028437702, -0.049418133, 0.0018250365, -0.07206538, 0.048496664, 0.000990973, 0.041517597, -0.03288318, -0.039296314, 0.019501891
-0.001174024, -0.04110357, 0.0021490164, -0.060212556, 0.040825043, 0.0025714992, 0.0349638, -0.026778571, -0.0321209, 0.016726322
-0.00095391076, -0.042236384, 0.0020293298, -0.061801247, 0.042170577, 0.002474544, 0.035731826, -0.027760377, -0.03283052, 0.017501155
0.00022768247, -0.030438218, 0.00042991442, -0.039783634, 0.02926695, 0.0018551125, 0.026733018, -0.020903876, -0.023353098, 0.015188922
-0.0013556969, -0.046460774, 0.0021537791, -0.06759569, 0.046108082, 0.0026206246, 0.039422985, -0.030550301, -0.03728422, 0.019023007
-0.0011957389, -0.048394796, 0.0023204617, -0.070185155, 0.048783407, 0.0030497028, 0.041167196, -0.031589795, -0.03858306, 0.020494485
-0.0012722507, -0.050273683, 0.0024599899, -0.07361344, 0.05032508, 0.003066036, 0.042726524, -0.032952268, -0.039503932, 0.019983526
-0.00055652234, -0.036643464, 0.0018649317, -0.05366287, 0.0360273, 0.0022153896, 0.031212877, -0.023970956, -0.028948784, 0.015087673
-0.0010248431, -0.040923163, 0.0020288564, -0.060113207, 0.040144105, 0.002470441, 0.034625873, -0.026772982, -0.03281413, 0.017234944
-0.00043660295, -0.034573294, 0.0013156777, -0.050800428, 0.03406233, 0.0017668932, 0.029435778, -0.02268479, -0.027441483, 0.015010891
-0.0008574042, -0.041852698, 0.0021552362, -0.060340688, 0.04300887, 0.002584447, 0.035226557, -0.027125273, -0.03283727, 0.017425286
-0.00088017463, -0.03675294, 0.0017491532, -0.053762157, 0.03597659, 0.002022125, 0.03129521, -0.024147902, -0.029000405, 0.015118451
-0.0016717801, -0.043012798, 0.001840731, -0.06261948, 0.042627834, 0.0017531726, 0.0362629, -0.02843927, -0.034085505, 0.017405199
-0.0016337632, -0.046581544, 0.0020144598, -0.06821053, 0.04603108, 0.001486285, 0.038299073, -0.030752964, -0.037321955, 0.018758293
3.327369e-05, -0.03558247, 0.0013624285, -0.05151219, 0.039358795, 0.0027094944, 0.029670058, -0.025606321, -0.030103702, 0.016268829
-0.0011976864, -0.044676267, 0.0029049797, -0.06588272, 0.045941148, 0.0046339477, 0.03848462, -0.028779607, -0.035075415, 0.018040935
-0.00047440114, -0.04279012, 0.002630449, -0.060582057, 0.042627733, 0.0031099955, 0.036016233, -0.027803712, -0.036218002, 0.017763495
-0.0007215041, -0.047217876, 0.0019350566, -0.06702377, 0.04698554, 0.0026132232, 0.040332023, -0.031954195, -0.03759498, 0.020838149
-0.00053885544, -0.0456214, 0.0021769712, -0.06825031, 0.042006347, 0.0019229054, 0.039455254, -0.031006314, -0.035315145, 0.020506313
-0.00040680045, -0.04329968, 0.0018937188, -0.0522544, 0.037750598, 0.0013313754, 0.037488386, -0.029516269, -0.032156337, 0.021380272
-0.005682134, -0.041551765, 0.0026276098, -0.067192174, 0.042223945, 0.0015382385, 0.039088998, -0.033846196, -0.035344698, 0.022993129
-0.00023042984, -0.029449984, 0.00141284, -0.042087197, 0.027521852, 0.0009554413, 0.028465183, -0.021695493, -0.02294347, 0.016735608
-0.00046193769, -0.030727968, 0.0021073057, -0.04507277, 0.029515423, 0.0011773555, 0.030215139, -0.024514453, -0.02410005, 0.017484728
-0.00059801544, -0.03231184, 0.00108039, -0.046488293, 0.029973114, 0.0008780079, 0.030175077, -0.025142102, -0.026012635, 0.018550223
-0.0020555186, -0.037826814, 0.0020225316, -0.04670446, 0.034044944, 0.0012613832, 0.033145923, -0.027743619, -0.030037932, 0.020145217
9.094633e-05, -0.034931317, 0.001562982, -0.061760586, 0.039445266, 0.0024354835, 0.034410536, -0.027614305, -0.032488037, 0.018232558
-0.0012727254, -0.034149777, 0.0019570314, -0.04192453, 0.03057731, 0.0009652266, 0.030547833, -0.024488812, -0.026221005, 0.018360907
-0.0004766889, -0.04742991, 0.0026948, -0.06954013, 0.045299087, 0.0034200803, 0.040256716, -0.029890718, -0.03988116, 0.020311601
-0.00043883835, -0.038565096, 0.0007289173, -0.056938585, 0.03668445, 0.0037602545, 0.03337095, -0.02433697, -0.031693384, 0.016771682
-0.000456279, -0.044708956, 0.0031526382, -0.06578435, 0.044253886, 0.006960493, 0.038182575, -0.028516794, -0.03259359, 0.019497994
-0.00055008923, -0.036732733, 0.0024512946, -0.053694606, 0.035574626, 0.0037221303, 0.031331077, -0.02377631, -0.030247245, 0.015957572
-0.00035113184, -0.036017507, 0.0012391988, -0.05142807, 0.03570371, 0.0023313556, 0.030722184, -0.023437493, -0.02966764, 0.014813989
-0.00075215584, -0.048874572, 0.0034335107, -0.0722915, 0.048401903, 0.0053721936, 0.041705005, -0.031069215, -0.036909662, 0.02071932
-0.00069226953, -0.040579613, 0.0033028282, -0.06070389, 0.040216543, 0.0040017813, 0.034864325, -0.026204538, -0.032009684, 0.017647319
-0.00072287035, -0.034348994, 0.0022608326, -0.051677205, 0.033991907, 0.0028413713, 0.029646344, -0.022422047, -0.027919512, 0.014885308
-0.0008715593, -0.04814217, 0.003847289, -0.07062103, 0.048366968, 0.0039965813, 0.04113778, -0.030844191, -0.038924012, 0.020869715
-4.774435e-05, -0.031627905, 0.0012316381, -0.04358204, 0.031962603, 0.0019305174, 0.027151497, -0.021743212, -0.025378166, 0.0144548705
-0.0005833087, -0.038047563, 0.0027735007, -0.057882883, 0.03840911, 0.003641567, 0.033338707, -0.024741514, -0.031034572, 0.01689856
-0.00059434684, -0.04274945, 0.0032100526, -0.06369812, 0.041622482, 0.003582225, 0.03679156, -0.027453706, -0.036066327, 0.018493723
-0.0005413774, -0.042754974, 0.0038019638, -0.0626396, 0.041613683, 0.004690179, 0.03664444, -0.026833603, -0.034743454, 0.018388115
-0.0019277316, -0.037224684, 0.007973177, -0.06028667, 0.039412994, 0.0021258893, 0.034108404, -0.026485434, -0.03297406, 0.018028494
-9.3529845e-05, -0.043468207, 0.008567917, -0.07061286, 0.04055925, 0.0027395743, 0.0422358, -0.028968269, -0.03646584, 0.021397376
-0.00034118324, -0.029909953, 0.0028083352, -0.043150585, 0.030098667, 0.00040803954, 0.025622144, -0.019021617, -0.023884157, 0.0128335925
-0.001981969, -0.042603977, 0.0029540372, -0.06662671, 0.041201644, 0.0054728286, 0.037579134, -0.02813008, -0.034445938, 0.01909239
-0.00027618205, -0.039309613, 0.002697499, -0.055613477, 0.039641257, 0.0053175567, 0.033446312, -0.024570482, -0.030301163, 0.017036697
-0.001247819, -0.03733014, 0.00247586, -0.05886497, 0.03748265, -0.00081417157, 0.03439993, -0.02153027, -0.031951975, 0.017096233
-0.00039129204, -0.034050565, 0.0032749188, -0.044958945, 0.03388889, 0.0031133848, 0.029096358, -0.019168442, -0.026994376, 0.014388087
-0.00023334239, -0.030340558, 0.001740046, -0.04312055, 0.02957995, 0.0020838014, 0.025253396, -0.019897647, -0.02517775, 0.013304367
-0.00034759883, -0.034469105, 0.0017953975, -0.051370118, 0.03147611, 0.0029371632, 0.029674534, -0.021214914, -0.028648024, 0.014905156
-0.00051609543, -0.047374554, 0.0045355344, -0.07066943, 0.04653784, 0.0026657898, 0.04066377, -0.028275365, -0.034268633, 0.020263534
-0.0002678428, -0.04465617, 0.004470685, -0.06630408, 0.04372599, 0.0016574421, 0.038827006, -0.025976269, -0.03568452, 0.01915172
4.9332168e-05, -0.026448773, 0.0016378352, -0.039492056, 0.026389316, 0.0017231602, 0.022407107, -0.016255321, -0.020088082, 0.011049168
-0.00040984002, -0.04488475, 0.0034382422, -0.065584786, 0.042675257, 0.002410616, 0.038938694, -0.029378293, -0.035749804, 0.019886546
0.00017880266, -0.04400217, 0.0016550061, -0.06482288, 0.041021377, 0.0018921162, 0.03809097, -0.03158104, -0.033382975, 0.019693132
-0.0006188815, -0.05018304, 0.004015519, -0.07417698, 0.048992097, 0.0059311613, 0.04306548, -0.03168643, -0.039487425, 0.021839311
-0.0004951521, -0.03292684, 0.0043394477, -0.04901983, 0.031824376, 0.0029667588, 0.027998969, -0.019877976, -0.026371881, 0.013913745
-0.0005596922, -0.04254936, 0.0025916141, -0.06258524, 0.040210526, 0.0029186164, 0.035928447, -0.027519621, -0.034757715, 0.018140493
-0.0005596675, -0.04788631, 0.003320544, -0.06955928, 0.0463043, 0.0043450887, 0.039520968, -0.030597597, -0.037503447, 0.020784562
-0.00019971356, -0.03978768, 0.0002915081, -0.051159438, 0.035443388, 0.0018290237, 0.03207778, -0.026468255, -0.029131338, 0.017117588
-0.0008322906, -0.033977963, 0.002576862, -0.048926257, 0.03329479, 0.0028824604, 0.028639281, -0.020933714, -0.0274598, 0.014744627
-0.0010285263, -0.0449471, 0.0029854476, -0.064705364, 0.043599512, 0.005145183, 0.037451603, -0.027869191, -0.035385266, 0.019383825
-0.00034178066, -0.04138803, 0.003293941, -0.061598323, 0.040300895, 0.0023027807, 0.034833666, -0.026575787, -0.032667495, 0.018021984
4.4516277e-05, -0.03782221, 0.003023209, -0.05505733, 0.03707439, 0.0021625767, 0.03052659, -0.024243936, -0.030081615, 0.016278336
-0.0012693517, -0.03738527, 0.0038137625, -0.053552024, 0.036488783, 0.0027426435, 0.029839544, -0.022749837, -0.030821696, 0.015887752
0.0004465852, -0.046258416, 0.0024849076, -0.069202796, 0.04392358, 0.0013747589, 0.039811414, -0.030437572, -0.037076335, 0.018154643
-0.0001838092, -0.041637603, 0.003078359, -0.06131245, 0.040462397, 0.004252912, 0.035280347, -0.027937567, -0.031638134, 0.01788366
-0.0004721175, -0.038131256, 0.002533596, -0.056442443, 0.036486063, 0.0021895843, 0.032893293, -0.02500398, -0.030182334, 0.017113753
-0.0015243633, -0.03765917, 0.0027475124, -0.057006527, 0.037769515, 0.0031157862, 0.031286646, -0.024444938, -0.030987713, 0.015811564
-0.0009037153, -0.0391912, 0.002443139, -0.058548607, 0.037807148, 0.0033551818, 0.03372262, -0.025424624, -0.03311033, 0.016746806
-0.0017472968, -0.03357494, 0.00029103158, -0.048378974, 0.032781262, 0.0014817673, 0.028686693, -0.023030998, -0.024997806, 0.0148567995
0.00057443324, -0.04258312, 0.0005694428, -0.06213712, 0.043874424, 0.0019137171, 0.03643484, -0.028090196, -0.035125393, 0.018074377
-0.0010779685, -0.022174325, 0.001731819, -0.032590073, 0.021717258, 0.0026298135, 0.019585187, -0.014189284, -0.017651768, 0.008690588
-0.0015541185, -0.035702895, 0.0029236698, -0.053269, 0.035708997, 0.0029771242, 0.030597368, -0.022787027, -0.028918466, 0.0146790845
-0.002223175, -0.036898617, 0.0026720092, -0.055726472, 0.03665321, 0.0030131568, 0.031820707, -0.023916757, -0.02988787, 0.015428222
-0.00081953814, -0.039378915, 0.002590459, -0.058364365, 0.03841593, 0.003477103, 0.0337449, -0.0255558, -0.03335792, 0.01633858
-0.0009969502, -0.04343954, 0.003042065, -0.06306905, 0.04283778, 0.0032400284, 0.0368271, -0.027943036, -0.035875723, 0.017700795
-0.00089557515, -0.040945023, 0.0026090934, -0.0582692, 0.040017888, 0.0039723753, 0.034832053, -0.026050277, -0.035165835, 0.016949672
-0.0007334188, -0.039776824, 0.0027381647, -0.057473496, 0.04239514, 0.0031557719, 0.034219563, -0.02547695, -0.03224016, 0.016686201
-0.0006881079, -0.030958015, 0.0033339416, -0.04554932, 0.0305827, 0.0023943703, 0.026490934, -0.019557843, -0.024723003, 0.012773438
-0.0017500517, -0.048301503, 0.0034478784, -0.07155709, 0.0469295, 0.0042826207, 0.041362792, -0.03040818, -0.039056297, 0.018942801
-0.0012459945, -0.04777214, 0.0023999284, -0.070415966, 0.04417108, 0.003962762, 0.040308986, -0.029980551, -0.03902852, 0.0190083
0.00043096158, -0.03723435, 0.0009860035, -0.056945637, 0.03599202, 0.0023355065, 0.029956084, -0.025996292, -0.029600848, 0.019190367
-0.0004460585, -0.03944648, 0.0016372068, -0.058123164, 0.037292108, 0.001983411, 0.033997033, -0.026213171, -0.03094096, 0.017955052
-6.612283e-05, -0.045409627, 0.0012629179, -0.0665433, 0.04241858, 0.0019057847, 0.039252248, -0.031120919, -0.03492618, 0.023683103
-0.00050096295, -0.04661886, 0.0013017827, -0.068785384, 0.041456133, 0.0013970408, 0.03926979, -0.031809192, -0.036372837, 0.021747801
1.0042276e-05, -0.04294472, 0.0010843393, -0.06300066, 0.040822074, 0.0004168802, 0.03783374, -0.02946963, -0.033707142, 0.020049013
-0.00049433444, -0.036080033, 0.0017247914, -0.05200661, 0.034118615, 0.0013383984, 0.029883482, -0.025169361, -0.027732672, 0.018384805
-0.00019083386, -0.04378716, 0.0011253722, -0.064890824, 0.04074096, 0.0016364845, 0.036912378, -0.029402448, -0.033943795, 0.021502437
-0.0009327398, -0.041763812, 0.00063226285, -0.06156791, 0.038577497, 0.0013058719, 0.035977684, -0.028017923, -0.032242116, 0.01959398
1.1298405e-05, -0.049680237, 0.0010226691, -0.0726625, 0.046264764, 0.0020793488, 0.04357198, -0.034932725, -0.037296005, 0.024838518
6.912596e-05, -0.045442678, 0.0006767662, -0.06698645, 0.04188225, 0.0019684318, 0.039286703, -0.0312967, -0.034283914, 0.023177357
3.3395652e-05, -0.05256355, 0.0006704401, -0.077431425, 0.048773076, 0.002075552, 0.04503476, -0.037193637, -0.03680022, 0.025698094
-0.00022840076, -0.05232536, 0.0028618588, -0.07786217, 0.05123448, 0.00669732, 0.04488323, -0.032981183, -0.039881967, 0.019788662
-0.00015220889, -0.032707375, 0.00086819276, -0.048319094, 0.030071774, 0.0012064645, 0.028340075, -0.02193657, -0.025364392, 0.015469308
-0.00026710797, -0.03553757, 0.0016971987, -0.055583876, 0.03564367, 0.001565346, 0.032721482, -0.025297755, -0.029137827, 0.018891849
-0.00029951675, -0.030713517, 0.0011304886, -0.045650817, 0.027186004, 0.0015769589, 0.027032487, -0.020246299, -0.02408891, 0.013882839
-0.00017599032, -0.03705185, 0.0007621294, -0.054785408, 0.0340673, 0.0010962429, 0.031872246, -0.02506458, -0.028633062, 0.017141778
-0.0002066125, -0.03854094, 0.0011893372, -0.054401558, 0.036152817, 0.001221756, 0.032549858, -0.02689069, -0.029631771, 0.017913366
-0.00031541218, -0.04896791, 0.0011002454, -0.07189153, 0.045071617, 0.0014558757, 0.040050797, -0.034882173, -0.037884578, 0.022042263
-0.00026488345, -0.054369055, 0.0013401144, -0.07993804, 0.04924106, 0.0017127773, 0.045135774, -0.037877172, -0.042034954, 0.026324378
0.00026144477, -0.05136071, 0.0015184667, -0.07730264, 0.04828256, 0.0021360605, 0.04506183, -0.03549534, -0.039833084, 0.025207419
-6.401023e-05, -0.0425866, -0.000808492, -0.062775105, 0.039251994, 0.0019067273, 0.037122414, -0.028797243, -0.03229187, 0.021389263
-0.00022154703, -0.026658874, 0.00071953045, -0.039545394, 0.025269805, 0.000981792, 0.023107545, -0.017760577, -0.020542165, 0.012257505
-0.00043266805, -0.04583402, 0.00088639185, -0.069708645, 0.047569763, 0.003748761, 0.036966883, -0.02869156, -0.0368188, 0.015906882
-0.00033488564, -0.038681228, 0.0008462714, -0.056613717, 0.03593442, 0.0016497306, 0.033635676, -0.026405538, -0.029754503, 0.018278021
-0.0005718356, -0.0352615, 0.00022030302, -0.05209907, 0.03226894, 0.0014786482, 0.030348582, -0.024259476, -0.02703977, 0.016922208
-0.00025768892, -0.0399132, 0.0005282631, -0.058700677, 0.03689613, 0.0016559687, 0.034485392, -0.027769575, -0.030434182, 0.019056773
1.0878056e-05, -0.042546812, 0.0017001319, -0.063981056, 0.040221393, 0.0014052774, 0.037453298, -0.030256493, -0.032731596, 0.018679794
-0.00027868486, -0.041467063, 0.0011168347, -0.061399717, 0.037036538, 0.0016626819, 0.035849143, -0.02878076, -0.032318376, 0.017539721
-0.0003618056, -0.0463837, 0.0016514944, -0.06732988, 0.042673953, 0.0020307803, 0.040050898, -0.031764768, -0.03613617, 0.021188134
-0.0003100171, -0.036907297, 0.0005252315, -0.054665115, 0.033989318, 0.0008125205, 0.03049652, -0.027606376, -0.027640814, 0.016850963
-4.663116e-05, -0.037192892, 0.0007383068, -0.052712247, 0.03622264, -0.0009921922, 0.03169316, -0.027237048, -0.028019661, 0.014897162
-0.0013823296, -0.04869528, 0.00032881487, -0.07195664, 0.04130965, -0.0014467167, 0.04163218, -0.033449702, -0.03784988, 0.023101019
0.00014993182, -0.042563464, 0.0010898183, -0.056779996, 0.041575823, 0.001286518, 0.036475573, -0.030086482, -0.03268173, 0.019678794
-0.0004459612, -0.043815676, 0.0026993165, -0.06454053, 0.04303288, 0.0039933007, 0.036759693, -0.027979372, -0.03547676, 0.01897192
0.0004044844, -0.034248903, -2.288684e-05, -0.046897154, 0.033847343, 0.0012564741, 0.029497243, -0.02413226, -0.026269037, 0.015357541
-0.00022984714, -0.035699666, -0.00065133447, -0.058386598, 0.03822087, -0.00065276085, 0.03275757, -0.025418496, -0.032245126, 0.016248476
-0.00088836567, -0.048538134, 0.0007803966, -0.07234595, 0.04007656, 0.00020122301, 0.041606497, -0.036074728, -0.03938207, 0.02085229
-0.0004097387, -0.040644385, 0.0015139156, -0.061409675, 0.0346445, 0.0010991677, 0.035042714, -0.026813693, -0.032832474, 0.01763579
0.0006373512, -0.03669081, 0.0011022342, -0.05624693, 0.04009258, 0.002030777, 0.032895986, -0.022693625, -0.030963171, 0.01567968
-0.00058268046, -0.030293278, 2.4913314e-05, -0.044906966, 0.026905397, 0.0017305797, 0.025798043, -0.020235823, -0.023935614, 0.012878529
-0.0010045351, -0.031027328, -0.0008689515, -0.047465138, 0.028778147, 0.0007116429, 0.026866747, -0.020687126, -0.023584224, 0.013034307
-4.5959107e-05, -0.041187506, 0.0012988935, -0.062246896, 0.037066597, 0.00017512174, 0.034110345, -0.034864184, -0.029720046, 0.01695505
0.000432478, -0.02880211, 0.0008223848, -0.049705625, 0.028320521, -0.0005700404, 0.024986869, -0.022529444, -0.023919705, 0.014128776
-0.000120473946, -0.04923245, 0.0010539897, -0.07219451, 0.046677638, 0.0029719877, 0.042210337, -0.032429844, -0.038451742, 0.02425608
-0.00047022148, -0.03579624, 0.0024620749, -0.05179737, 0.035279144, 0.0035388747, 0.030542625, -0.022879055, -0.029783444, 0.015411698
0.0004345014, -0.04721092, 0.0014689278, -0.06982166, 0.044247214, 0.0023051351, 0.03974794, -0.0322166, -0.036141038, 0.023031913
-8.7931425e-05, -0.038095467, 0.0014583709, -0.056317084, 0.036197178, 0.0020175239, 0.032055162, -0.025804471, -0.028770352, 0.017522294
-0.00014371988, -0.044549108, 0.0014878347, -0.06550254, 0.041664038, 0.0023921093, 0.03816629, -0.030804818, -0.0348058, 0.022034258
-0.0002577844, -0.044181548, 0.0013773732, -0.06555676, 0.041423533, 0.0026395894, 0.037975576, -0.03013208, -0.034565244, 0.020028824
0.00042468114, -0.051848844, 0.001456576, -0.07669256, 0.048216134, 0.002927079, 0.044440944, -0.03583877, -0.040023416, 0.022571968
-0.0001671876, -0.043595754, 0.0026690806, -0.06433572, 0.04141539, 0.0027838608, 0.037546724, -0.028463723, -0.034173425, 0.019916123
-0.00014311845, -0.0358542, 0.0023614313, -0.052720893, 0.034226745, 0.0022831345, 0.031095186, -0.023388492, -0.028116807, 0.016733622
1.295831e-05, -0.040823307, 0.002563657, -0.06055681, 0.038751863, 0.0029530108, 0.035284564, -0.02641094, -0.031810306, 0.018454526
0.00024472838, -0.03460997, 0.00096987205, -0.051735636, 0.03151865, 0.001524772, 0.028363284, -0.023737123, -0.026769582, 0.01810829
-8.245783e-05, -0.038223017, 0.0022712543, -0.05653927, 0.0363806, 0.0025623178, 0.032908104, -0.024698602, -0.029883116, 0.017471362
-0.000498044, -0.039179012, 0.003507176, -0.057651766, 0.037963964, 0.004294299, 0.033549454, -0.02485529, -0.03137927, 0.017052332
-8.441135e-05, -0.034450598, 0.0011667577, -0.05148582, 0.03337301, 0.0018888315, 0.02779944, -0.024659067, -0.026625754, 0.016231598
0.00028308402, -0.04109981, 0.0024759574, -0.05421634, 0.03943486, 0.003492382, 0.03400133, -0.025725035, -0.03267181, 0.017812338
-0.00010200215, -0.03515395, 0.001381824, -0.052719206, 0.033654545, 0.0019494005, 0.031094177, -0.02368386, -0.022761265, 0.015881013
-0.00011381751, -0.048553407, 0.0013728616, -0.071494706, 0.04547478, 0.002608231, 0.041685916, -0.03349907, -0.036172017, 0.022899179
-1.4454744e-05, -0.033252377, 0.0003755551, -0.048993178, 0.031360455, 0.0019088641, 0.0284713, -0.022520991, -0.025437118, 0.015456233
0.00057104294, -0.044074867, 0.0009749752, -0.0642196, 0.041940086, 0.002218323, 0.03821653, -0.031152725, -0.032241803, 0.021221071
4.5626407e-06, -0.038098007, 0.00033925913, -0.05637767, 0.035787504, 0.0019378916, 0.032890037, -0.025584629, -0.028715413, 0.01778097
-4.6498095e-05, -0.04962133, 0.0013099457, -0.07305607, 0.045517515, 0.0021892847, 0.042328484, -0.032912858, -0.037891172, 0.027963765
0.00013747702, -0.033286877, 0.00016104715, -0.04832382, 0.031220468, 0.0013518417, 0.02874278, -0.023276815, -0.025480399, 0.016372262
0.000646481, -0.046215713, 0.00012701732, -0.068672046, 0.04373518, 0.002221167, 0.04008073, -0.03123981, -0.03477741, 0.019292485
-0.0008085118, -0.060238652, 0.0064781257, -0.0889816, 0.058993068, 0.0069232667, 0.051704153, -0.037812043, -0.04768533, 0.025569405
-0.00017235229, -0.042592272, 0.0019368328, -0.06314214, 0.04059988, 0.0024433888, 0.036846157, -0.028616847, -0.032417748, 0.01640155
0.00011100706, -0.036518745, 0.00095645525, -0.05406857, 0.03547958, 0.002284104, 0.031373333, -0.022940747, -0.028118562, 0.015472365
0.00052017963, -0.050852846, 0.0011511232, -0.07564412, 0.046607982, 0.0018917922, 0.04082017, -0.032946568, -0.03803145, 0.022804944
-1.4281505e-06, -0.03632767, 0.0011575245, -0.055895958, 0.030748209, 0.0014794782, 0.030312007, -0.024912983, -0.028403861, 0.020158332
-0.00024819002, -0.042747177, 0.0014089266, -0.06163748, 0.041963708, 0.00205555, 0.03635057, -0.028787801, -0.032342263, 0.021335524
3.61526e-06, -0.04014126, 0.0012656242, -0.059973035, 0.037176564, 0.00041555878, 0.034137465, -0.02617617, -0.03101506, 0.018281424
-0.00012179402, -0.039183576, 0.0011842634, -0.057757746, 0.03783835, 0.002011856, 0.03364771, -0.026205923, -0.029364951, 0.01830462
-8.1209524e-05, -0.034432046, -0.00021167642, -0.04992853, 0.03298368, 0.001919367, 0.02974887, -0.02293019, -0.026319439, 0.016568532
-0.0004339036, -0.04450702, 0.0010567197, -0.065831326, 0.041244715, 0.00225781, 0.03811313, -0.029854067, -0.03261016, 0.020926697
-0.00043455386, -0.026619513, 0.001096065, -0.039147254, 0.025925593, 0.0012040366, 0.022817822, -0.017037626, -0.020995462, 0.011683086
-0.00053140626, -0.04060916, 0.0030803757, -0.059890386, 0.039202254, 0.0038107047, 0.03483087, -0.025524095, -0.032777585, 0.017860785
-0.00012803049, -0.03553641, 0.0017899595, -0.053391803, 0.033606306, 0.00156033, 0.028311463, -0.024242243, -0.027793568, 0.017586693
-0.00027835558, -0.031322945, 0.00080518465, -0.0471049, 0.028142732, 0.0015748736, 0.027809225, -0.021277133, -0.024842452, 0.014873718
-0.0001789015, -0.038633008, 0.0015815941, -0.05713123, 0.035114642, 0.0014766856, 0.034544915, -0.026451526, -0.030191759, 0.018013503
-0.00012348543, -0.041858263, 0.0033419204, -0.060750283, 0.03968668, -0.0018231038, 0.033847958, -0.027646786, -0.032209303, 0.019598456
-0.00025327574, -0.033628162, 0.0012088439, -0.049869534, 0.027342642, 0.0015531558, 0.028436376, -0.022930386, -0.026278699, 0.016451277
0.00023549747, -0.037676472, 0.00074075785, -0.04950267, 0.034536466, 0.0017389675, 0.029251264, -0.02529542, -0.027869193, 0.017380165
-0.00020563471, -0.05063037, 0.0024615903, -0.07422179, 0.04812025, 0.0026274112, 0.04379059, -0.034453493, -0.03853128, 0.023715783
-2.885931e-06, -0.032181382, 0.0011980432, -0.046984274, 0.028483083, 0.0010652372, 0.029794175, -0.021810178, -0.024994934, 0.016323633
2.0357715e-05, -0.0286756, 0.0013767574, -0.044723764, 0.027770557, 0.0012682764, 0.027421879, -0.020524584, -0.023477808, 0.015156005
-1.9196377e-05, -0.031830702, 0.0009892297, -0.04795503, 0.028186148, 0.0013053246, 0.029701402, -0.021963982, -0.025103427, 0.016243706
-0.0005689467, -0.046313692, 0.004404623, -0.06811684, 0.04475888, 0.004665457, 0.039630923, -0.028834036, -0.037383884, 0.02031647
-0.00014208308, -0.04155439, 0.001700962, -0.06146723, 0.03732224, 0.001990896, 0.03607221, -0.027778627, -0.03232307, 0.020589845
-0.0013848429, -0.04226201, 0.0018697014, -0.061736286, 0.041744683, 0.0024449427, 0.03504816, -0.027700799, -0.033970125, 0.01737367
-0.0021171747, -0.035957042, 0.0013123078, -0.04865978, 0.03459072, 0.0022721551, 0.029883178, -0.023379983, -0.028153747, 0.015250311
-0.0007477336, -0.034278765, 0.001481153, -0.04980576, 0.033891734, 0.0020260103, 0.028621309, -0.022506595, -0.027802363, 0.014292794
-0.0007915377, -0.03952958, 0.0017570977, -0.0564836, 0.03898039, 0.002405118, 0.033302467, -0.025879469, -0.033568032, 0.016446207
-0.00048382898, -0.036276277, 0.0024232916, -0.05334365, 0.03453233, 0.0032087152, 0.03105799, -0.022358853, -0.03086195, 0.01428167
-0.0008058462, -0.04339077, 0.0015039527, -0.062073965, 0.043849614, 0.002514665, 0.035690997, -0.02883033, -0.0339384, 0.018471703
-0.0010786216, -0.040240865, 0.0019112149, -0.058138814, 0.0390682, 0.0022987428, 0.033645596, -0.02623898, -0.032505326, 0.016571535
-0.0008700266, -0.04561246, 0.0010820539, -0.06661432, 0.04480539, 0.0027371366, 0.03784669, -0.02952389, -0.037108283, 0.018375853
-0.0007943195, -0.046266764, 0.003318957, -0.06874181, 0.046161506, 0.0024265763, 0.037258517, -0.029986015, -0.03780408, 0.018998062
0.0006889071, -0.03462276, -0.0003192131, -0.054609, 0.036643174, 0.0018366242, 0.02962552, -0.025006715, -0.027755944, 0.015780166
-0.00037571223, -0.035159115, 0.002622257, -0.051943723, 0.033915743, 0.0034783364, 0.030288829, -0.02251911, -0.028333709, 0.015541702
-0.00046756104, -0.042741954, 0.0013681026, -0.062376734, 0.04202792, 0.0026538884, 0.035614908, -0.027936107, -0.034411028, 0.016859941
-0.0008724837, -0.033501886, 0.0017483344, -0.048462987, 0.03393575, 0.0018496355, 0.028458737, -0.021684743, -0.026801469, 0.013648159
-0.0010786266, -0.042311016, 0.0021326663, -0.061717354, 0.041664813, 0.0024765565, 0.035283342, -0.027326368, -0.03419937, 0.017757617
-0.00072716665, -0.042717617, 0.0014815818, -0.061951924, 0.041798897, 0.002775063, 0.035855055, -0.027440546, -0.034866594, 0.018129498
-0.0010503862, -0.03273191, 0.0016943107, -0.04797095, 0.032521617, 0.0018604816, 0.027748004, -0.021138808, -0.026116261, 0.012894111
-0.0010283568, -0.047088176, 0.0024373375, -0.06818137, 0.048085637, 0.0031158736, 0.03933912, -0.030541616, -0.037589416, 0.019232085
-0.0012200658, -0.03313722, 0.0018560016, -0.048251763, 0.033156704, 0.0022829245, 0.028199932, -0.021449117, -0.026476284, 0.012891444
-0.0008209541, -0.03469515, 0.0026599055, -0.04972746, 0.03414164, 0.002110593, 0.029580712, -0.022094652, -0.030003509, 0.0142418565
-0.00084891653, -0.04144209, 0.0017182349, -0.05962392, 0.040551983, 0.0024361925, 0.034526113, -0.027301956, -0.03398963, 0.017727833
-0.0011027851, -0.034478106, -0.00016763457, -0.049518753, 0.03469062, 0.002503771, 0.029392295, -0.023409454, -0.026386155, 0.015138372
-0.00041343615, -0.04358327, 0.0031871933, -0.06428989, 0.041450072, 0.0039664805, 0.037501633, -0.027928593, -0.035035253, 0.019322269
-0.00071991346, -0.03311231, -2.2825285e-05, -0.049842454, 0.03304167, 0.001967799, 0.027143348, -0.023123005, -0.027242722, 0.014922688
-0.0018965303, -0.038353186, -0.0016706736, -0.055390283, 0.0350709, 0.001866434, 0.030656563, -0.027557341, -0.031573717, 0.01529989
-0.0006743462, -0.04718516, 0.0007327833, -0.066444434, 0.04637055, 0.0027436544, 0.038976006, -0.0351763, -0.037264705, 0.02056895
0.00011946909, -0.03331142, 0.00022180745, -0.048319817, 0.032177996, 0.0018448723, 0.026601331, -0.022614498, -0.026741965, 0.014086289
-0.0003845691, -0.02676441, -0.00020299973, -0.038378883, 0.026051268, 0.0016960542, 0.022523845, -0.017806826, -0.021428086, 0.011699461
-0.0012892425, -0.03194508, -0.00034567583, -0.0480111, 0.031742305, 0.0020363154, 0.027625043, -0.022420561, -0.026123436, 0.014430775
-0.0005893759, -0.031019727, -0.0010739885, -0.04251101, 0.029833589, 0.0015770819, 0.025136353, -0.022805387, -0.026129803, 0.013439696
0.00024263673, -0.029789828, 0.0015002551, -0.042467687, 0.028572734, 0.0017700526, 0.022386763, -0.019479997, -0.022867594, 0.012704311
-3.0743082e-05, -0.035453267, 0.0014895301, -0.0551738, 0.036111124, 0.0022707072, 0.030009208, -0.02482656, -0.03077542, 0.016294656
-0.00032859572, -0.032243207, 0.00080759096, -0.045122344, 0.031857982, 0.0020113334, 0.025982078, -0.0217851, -0.027015947, 0.01413246
-0.00045905283, -0.0489133, 0.003409619, -0.07207859, 0.046742007, 0.0025507761, 0.04219485, -0.03146991, -0.03873732, 0.021661364
-0.0006818651, -0.04352992, 0.001302853, -0.063733, 0.042748693, 0.0024709722, 0.034937177, -0.028811434, -0.035193436, 0.018307043
-0.000270911, -0.023881039, 0.0018850911, -0.032543488, 0.024259318, 0.0019069642, 0.020534437, -0.015102529, -0.019094218, 0.010291471
-0.0014025151, -0.03655965, 0.0016314719, -0.049217805, 0.03507718, 0.0026111666, 0.030587396, -0.023701128, -0.028897518, 0.015888449
-0.0020413739, -0.045295645, 0.0014483411, -0.06591389, 0.043307867, 0.0010272404, 0.036480516, -0.029735038, -0.035430953, 0.018516535
0.00019741167, -0.03022671, 0.00093133416, -0.046153825, 0.027065156, 0.0059406636, 0.025120227, -0.019051999, -0.023099184, 0.012989407
-0.0025840166, -0.03994462, 0.0018203028, -0.058887612, 0.03931701, 0.0023845886, 0.03281023, -0.02747622, -0.03311505, 0.017769642
1.509202e-05, -0.04219361, 0.0014523324, -0.0625295, 0.039609168, 0.0025271992, 0.036165006, -0.027614087, -0.03290454, 0.01960196
1.2314878e-05, -0.037293755, 0.001429554, -0.055032205, 0.033444274, 0.0014464712, 0.033080336, -0.025556756, -0.028537335, 0.019747889
6.0491828e-05, -0.03616432, 0.00022744545, -0.051279645, 0.032157224, 0.0012263077, 0.033904113, -0.023610247, -0.027417956, 0.01814858
3.9413775e-05, -0.033727314, 0.0010646142, -0.04821225, 0.030392878, 0.0012931131, 0.02973954, -0.02351189, -0.025796495, 0.018890323
-0.00045485995, -0.050127313, 0.003213124, -0.07388901, 0.047377214, 0.0029906516, 0.043402504, -0.032761768, -0.039467305, 0.022497574
-3.711013e-05, -0.040645078, 0.0015771706, -0.06020879, 0.0352847, 0.0019488117, 0.03537296, -0.027493376, -0.03148127, 0.020038491
2.4088411e-05, -0.03929889, 0.0014480544, -0.058094878, 0.034847848, 0.001792891, 0.034781937, -0.026535178, -0.03037769, 0.019963475
5.1255858e-05, -0.034508016, 0.0009642202, -0.051090505, 0.03080866, 0.0016272729, 0.030436978, -0.023464948, -0.026802294, 0.016565472
0.0002358075, -0.043917526, 0.0017930085, -0.065616146, 0.038537804, 0.0017525185, 0.039838206, -0.030736724, -0.034376215, 0.023544772
6.703685e-05, -0.034871362, 0.0013855682, -0.051986456, 0.032034323, 0.0011787392, 0.030648941, -0.023675818, -0.025360066, 0.01777256
0.00014299426, -0.040073987, -0.00021452169, -0.060299594, 0.037855063, 0.0016399234, 0.035504606, -0.026068645, -0.027644971, 0.0148239415
0.00018498642, -0.054491885, 0.002164645, -0.080511026, 0.049558077, 0.0023104378, 0.04717786, -0.036410816, -0.041563794, 0.029952083
2.584378e-05, -0.03914944, 0.0015574833, -0.058751885, 0.034658875, 0.0014873043, 0.032955118, -0.026825486, -0.03036082, 0.02098785
7.935079e-05, -0.041498445, 0.0016424041, -0.06283865, 0.037878882, 0.0016193315, 0.035175122, -0.02860846, -0.03198016, 0.023036612
7.6423945e-05, -0.035833165, 0.0014090834, -0.05470312, 0.0313068, 0.0015109781, 0.029902423, -0.024175609, -0.02781407, 0.017728752
-0.00028324442, -0.041688994, 0.0027477024, -0.062446952, 0.038237248, 0.0024624343, 0.03642223, -0.027339227, -0.03285899, 0.01928567
-5.310623e-05, -0.042033177, 0.001612535, -0.06371407, 0.038408417, 0.0015279781, 0.038252022, -0.028759032, -0.033178844, 0.021313965
-1.694034e-06, -0.027822012, 0.000786998, -0.040760312, 0.023500077, 0.0012181227, 0.02595531, -0.019083794, -0.021406457, 0.0133777615
0.00062821887, -0.03195854, 0.00028586766, -0.046868477, 0.029877879, 0.0010834178, 0.02828464, -0.019369299, -0.024396919, 0.017237158
-6.407251e-06, -0.025612172, 0.00086725375, -0.038138226, 0.023620114, 0.0010103902, 0.021022836, -0.017408421, -0.019639766, 0.013400633
0.0002465, -0.043592695, 0.0014937759, -0.06506129, 0.038829185, 0.0013550564, 0.03844977, -0.029874317, -0.03372524, 0.02208116
1.3363832e-05, -0.037662245, 0.0014163981, -0.05490869, 0.033985708, 0.0016597452, 0.033287156, -0.025596805, -0.029039359, 0.020773694
2.7089725e-05, -0.042842895, 0.0013729293, -0.06337916, 0.038200118, 0.0020691473, 0.037397657, -0.029467694, -0.03314411, 0.020853182
0.0002857156, -0.032210473, 0.00124731, -0.04798618, 0.028459352, 0.0011170807, 0.028459458, -0.022487743, -0.024747368, 0.015710184
-2.908763e-05, -0.03808656, 0.0010909335, -0.06273439, 0.03818084, 0.0017616766, 0.029918015, -0.02619699, -0.030154873, 0.021152219
1.3989653e-05, -0.035684206, 0.0011738127, -0.05311227, 0.029658826, 0.0014056547, 0.029752715, -0.026510717, -0.027640697, 0.02049425
-0.00034246696, -0.04729364, 0.0033027306, -0.068324424, 0.045185193, 0.0037478306, 0.04057195, -0.030482486, -0.036903378, 0.021308038
-1.5687769e-05, -0.03632106, 0.0013821957, -0.059057847, 0.03589631, 0.0016221073, 0.029687356, -0.026031354, -0.02955362, 0.019647075
0.00033107537, -0.041713085, -0.0014212527, -0.063522205, 0.03850564, 0.0005615609, 0.03350591, -0.027081888, -0.0315768, 0.01929903
-5.0716386e-05, -0.03295609, 0.00095778, -0.040922616, 0.030958056, 0.0013861432, 0.027791498, -0.022383103, -0.024162604, 0.016263865
7.715715e-05, -0.037666753, 0.0009585041, -0.05579104, 0.034067087, 0.0017839998, 0.0327457, -0.025788974, -0.02894566, 0.019663645
7.420759e-05, -0.034054965, 0.0011299716, -0.050411228, 0.03038854, 0.0012538242, 0.03011017, -0.023297587, -0.026207358, 0.017292473
0.00019136083, -0.029705562, 0.001085156, -0.04400434, 0.026362853, 0.001277077, 0.02599196, -0.020256257, -0.02276907, 0.015558426
0.0010469174, -0.036270477, 0.00066934153, -0.052377827, 0.03471193, 0.001542428, 0.030509999, -0.02503754, -0.028216993, 0.016360853
0.000761082, -0.04256815, 0.0005789765, -0.065914586, 0.041415777, 0.0024466184, 0.03728623, -0.028229082, -0.033161357, 0.015101814
0.0006931235, -0.041695904, -0.0020139827, -0.057687197, 0.040218536, 0.0030862917, 0.036248226, -0.028945256, -0.032285366, 0.01540706
0.0009897659, -0.031148223, -9.606645e-05, -0.044177327, 0.0295396, 0.0017729494, 0.028028477, -0.021505343, -0.022827744, 0.014648391
-0.00061907223, -0.0494633, 0.0046830904, -0.07283195, 0.04825422, 0.005170049, 0.042361878, -0.030938119, -0.039344046, 0.02150957
-0.0004997896, -0.035550684, 0.001939192, -0.05413338, 0.030977573, 0.0024424263, 0.03036827, -0.023110224, -0.027289486, 0.015247619
-0.0006837892, -0.041693002, 0.0026213303, -0.053224307, 0.037745062, 0.006272341, 0.03359602, -0.024532486, -0.031147989, 0.015677767
-0.0025067122, -0.037646618, 0.0015607709, -0.05328373, 0.03635889, 0.0016985274, 0.03301285, -0.024925513, -0.025277186, 0.015213545
-0.00093284267, -0.029415704, -0.0009389296, -0.041903157, 0.027203375, 0.0011164022, 0.025105923, -0.018398795, -0.021652823, 0.015669424
-0.00086372346, -0.028511805, 0.0010858518, -0.041876044, 0.026555313, 0.0015192186, 0.024578508, -0.01891078, -0.024763873, 0.011555457
-0.0008332334, -0.03404662, 0.0016321384, -0.053087674, 0.034507032, 0.002537418, 0.026892439, -0.022217905, -0.023932287, 0.014164343
-0.0008214769, -0.036033165, 0.0015084959, -0.054743107, 0.031876124, 0.0019866733, 0.031406652, -0.022451993, -0.027441436, 0.013367817
-0.0020709469, -0.030725159, 0.0010716687, -0.045609947, 0.030287895, 0.0020362078, 0.02574991, -0.020863134, -0.023585442, 0.013525099
0.00022156448, -0.035994906, 0.0016924931, -0.058653247, 0.03853604, 0.002291156, 0.028257417, -0.026775902, -0.025025785, 0.01667434
-0.00028203847, -0.03500693, 0.0057346583, -0.055515435, 0.03701799, -7.551566e-05, 0.026243838, -0.028273575, -0.027563747, 0.017134182
-0.0005061717, -0.045303147, 0.0033955865, -0.06670242, 0.043929607, 0.0041172686, 0.038848244, -0.02763534, -0.036816344, 0.019727815
-0.00020838663, -0.03215505, 0.0013974016, -0.044571966, 0.031630166, 0.0016361763, 0.027547212, -0.022547232, -0.026346648, 0.014553801
-0.00028556603, -0.037880257, 0.0016260715, -0.05419184, 0.038218573, 0.002254037, 0.026578175, -0.026793404, -0.03216232, 0.017131437
-0.00014959187, -0.022833724, 0.0009853691, -0.034065735, 0.020988246, 0.0013551271, 0.018604198, -0.016536597, -0.018619472, 0.0103577105
-3.8159415e-05, -0.037561934, 0.001587855, -0.05524581, 0.035963632, 0.0022565927, 0.031858373, -0.024656247, -0.029319897, 0.018193558
0.00013768318, -0.0378986, 0.0005041072, -0.05649611, 0.035462327, 0.001698803, 0.032747556, -0.024979344, -0.025496705, 0.019234901
-0.0001468123, -0.04065527, 0.00029006615, -0.060242146, 0.03730547, 0.0018379949, 0.033902798, -0.028107964, -0.030404016, 0.021315373
-0.000324815, -0.04364508, 0.002938889, -0.06435036, 0.04115866, 0.0024015277, 0.03824734, -0.027793871, -0.034302194, 0.019625643
-0.0005309001, -0.035386335, 0.0020956434, -0.050129455, 0.033582672, 0.001931942, 0.030406272, -0.022705557, -0.029842643, 0.017107556
0.0024618274, -0.028011102, 0.0003022126, -0.04040014, 0.027025264, 0.0017482698, 0.023870356, -0.019542847, -0.021626191, 0.011497208
0.0006975983, -0.035346825, 0.00088555436, -0.053295784, 0.03396603, 0.0022383805, 0.025229055, -0.025259135, -0.02741835, 0.0143576395
-0.00045389408, -0.050264016, 0.0032855538, -0.074332274, 0.04805303, 0.003051578, 0.043282125, -0.030732993, -0.04006796, 0.02257472
-0.0003488734, -0.029136142, 0.0020285856, -0.044439584, 0.026032457, 0.0023293626, 0.024593722, -0.0183492, -0.020561256, 0.012566836
-0.00033742219, -0.024959285, 0.0019402629, -0.040036708, 0.026291557, 0.0023687484, 0.022448901, -0.016861383, -0.021219186, 0.0115466155
-0.0004917512, -0.03666167, 0.0009470174, -0.052626394, 0.039663848, 0.0038503252, 0.03352433, -0.024654385, -0.033335865, 0.016136535
-0.00042792413, -0.038336955, 0.002565161, -0.04867422, 0.03589011, 0.002993757, 0.033547282, -0.02376406, -0.033548728, 0.01620023
-0.00042080786, -0.03631092, 0.002703503, -0.047551397, 0.037696496, 0.0029376873, 0.030704174, -0.023135148, -0.029452652, 0.015672188
-0.0004330894, -0.036398463, 0.0029583597, -0.050499633, 0.0351556, 0.004850056, 0.03854544, -0.024025697, -0.03007266, 0.016113155
0.00046414143, -0.040336456, 0.00014617952, -0.060391027, 0.039729822, 0.003041918, 0.035108037, -0.027623802, -0.032060836, 0.020878097
-0.0004137828, -0.033832263, 0.0028045275, -0.057994038, 0.039271582, 0.003466985, 0.032967955, -0.02443211, -0.028089283, 0.01665104
-0.0004559027, -0.0380167, 0.0033068492, -0.057762846, 0.032972682, 0.004026201, 0.032605942, -0.023860477, -0.02565817, 0.016348507
-0.00030307527, -0.021344403, 0.00058496516, -0.034174226, 0.024637386, 0.0021861047, 0.019559275, -0.013748192, -0.01797315, 0.009720376
-0.0004247, -0.04443697, 0.0032585175, -0.06519619, 0.042420648, 0.0027911642, 0.038438935, -0.028858313, -0.03528084, 0.019893453
-0.00026167644, -0.022828186, 0.00253663, -0.030862687, 0.023711246, 0.0020417578, 0.019484302, -0.014536594, -0.018817553, 0.00989167
-0.0015982657, -0.045399103, -0.0022018831, -0.06546201, 0.04500806, 0.003421539, 0.036995623, -0.025687622, -0.03928805, 0.01840736
-0.0008555315, -0.040958777, 0.0028846653, -0.05454719, 0.04008416, 0.0033302787, 0.03626726, -0.030344406, -0.034941968, 0.020516377
-0.00045692816, -0.033739217, 0.0027200854, -0.04419048, 0.033153627, 0.0034991803, 0.028698083, -0.021213396, -0.028196288, 0.0144350855
-0.000254888, -0.030827029, 0.0014165835, -0.04854658, 0.03254892, 0.0019291204, 0.027531939, -0.023595573, -0.020659551, 0.0146125415
0.0008211585, -0.042000066, 0.00092360174, -0.063274555, 0.036468558, 0.006541576, 0.033987086, -0.026306106, -0.032550696, 0.01792462
0.0001718019, -0.03978267, 0.0017452626, -0.05930451, 0.036001265, 0.0018963265, 0.033901796, -0.02648764, -0.031396065, 0.017874625
-0.0022469938, -0.033692103, 0.0020512633, -0.048855633, 0.03505245, 0.0019004721, 0.028599927, -0.021615528, -0.026332708, 0.012156955
1.1993998e-05, -0.037271935, 0.0009418495, -0.048633926, 0.035253037, 0.0016277226, 0.032071076, -0.027033648, -0.02577831, 0.017989386
1.4874374e-06, -0.035918236, 0.0015391342, -0.048048683, 0.03350087, 0.0015392655, 0.036137562, -0.024485983, -0.027901677, 0.017241567
-0.00011543621, -0.031116745, 0.0018792724, -0.046080016, 0.029014086, 0.0024109916, 0.02712193, -0.01801924, -0.024928873, 0.013993494
-0.00042539186, -0.04395745, 0.0034255837, -0.063987724, 0.04272492, 0.004058766, 0.037548948, -0.027309183, -0.036278207, 0.01924713
-0.00025544094, -0.030789278, 0.0019412414, -0.04614652, 0.029292597, 0.0017681384, 0.026863473, -0.020319367, -0.024583677, 0.013957958
-0.0003052053, -0.029967485, 0.0016974395, -0.044088673, 0.028480366, 0.0017268559, 0.025872638, -0.019765498, -0.023592295, 0.013578775
-0.00038749873, -0.0458194, 0.0034660932, -0.06820182, 0.043669783, 0.0036839135, 0.03937746, -0.028883552, -0.036457516, 0.020301666
-0.00048790648, -0.047272075, 0.00432872, -0.06954971, 0.045729246, 0.004451914, 0.040563785, -0.029151635, -0.038550124, 0.020742217
-0.000551756, -0.04315519, 0.003142946, -0.06668423, 0.042196315, 0.0037082967, 0.03619076, -0.02552158, -0.03284566, 0.018506004
-0.0003693359, -0.039793823, 0.0018397946, -0.058859546, 0.036539476, 0.0021239494, 0.033878766, -0.0263804, -0.031166045, 0.018491758
-0.00018367796, -0.045916896, 0.003013673, -0.067859836, 0.04374619, 0.0032521356, 0.039671678, -0.029496634, -0.03608285, 0.020920789
-1.2393469e-05, -0.04594059, 0.002106112, -0.066287875, 0.043604303, 0.0025288924, 0.04104959, -0.030671876, -0.035556536, 0.022182755
2.2164475e-05, -0.035776496, -0.00032971703, -0.045859758, 0.03268125, 0.001686235, 0.028443012, -0.023060223, -0.026626026, 0.014595266
-7.7968514e-05, -0.03691619, 0.001582186, -0.054768432, 0.034730423, 0.002178609, 0.031696696, -0.024478529, -0.028486665, 0.017143428
-0.00028256388, -0.042702947, 0.0021104035, -0.06261792, 0.040009007, 0.0021670319, 0.037047114, -0.029802578, -0.033264, 0.020056782
-0.00061364507, -0.048382226, 0.0024783004, -0.071345106, 0.045700874, 0.0020535605, 0.042376794, -0.032561302, -0.03789, 0.021850534
-0.00033404867, -0.03511286, 0.0013940912, -0.047373343, 0.034320302, 0.002025491, 0.029130965, -0.024596918, -0.025089929, 0.015337152
0.0017515129, -0.038781106, 0.0013616047, -0.05760684, 0.0359782, 0.002306059, 0.02960708, -0.026236292, -0.0305247, 0.017246593
-0.0019867655, -0.04219532, 0.0012579269, -0.05595488, 0.04094942, 0.0024514094, 0.0356798, -0.030276548, -0.033435814, 0.018632684
-0.00024001455, -0.039474986, 0.0020167558, -0.058393735, 0.037411377, 0.0023291085, 0.033806823, -0.026085727, -0.03094461, 0.018293547
2.8508299e-05, -0.039089352, 0.00071303966, -0.05807257, 0.035573214, 0.0014524733, 0.034546047, -0.02656224, -0.030251168, 0.01889117
-0.00058071146, -0.042904366, 0.0016210895, -0.06402561, 0.04051552, 0.0019740916, 0.037188515, -0.029208168, -0.033433754, 0.020010386
-0.00076355855, -0.044893224, 0.0018338016, -0.06680341, 0.04249483, 0.0018899022, 0.03995827, -0.03039521, -0.035595935, 0.021142721
-0.0028332048, -0.038898047, 0.0010342937, -0.057552885, 0.03277704, 0.0014576198, 0.0313871, -0.026320826, -0.031034796, 0.01624235
0.00017577453, -0.043509472, 0.0019452911, -0.063624464, 0.040059637, 0.0022396042, 0.036534633, -0.029782724, -0.033753872, 0.020198952
0.0007033696, -0.042882744, 0.0020656667, -0.06497868, 0.03798652, 0.0016443342, 0.036830585, -0.028814707, -0.032051396, 0.020081377
0.00028472746, -0.03324744, 0.0005894462, -0.04811393, 0.029691907, 0.001510096, 0.02857811, -0.02269703, -0.025416344, 0.01595424
0.0006577179, -0.043943487, 0.0021972086, -0.06513295, 0.04155585, 0.0019354707, 0.038258024, -0.029828247, -0.03359924, 0.020031309
-0.00011504648, -0.042912282, 0.001981351, -0.063302666, 0.041008558, 0.0025134527, 0.03705409, -0.028417418, -0.03355381, 0.020950286
-0.0007956736, -0.039957907, 0.0010543286, -0.055278707, 0.039067972, 0.0026209261, 0.034432683, -0.026205193, -0.031397592, 0.01763805
-0.000359291, -0.040915485, 0.0015313526, -0.0616016, 0.039004654, 0.0026052631, 0.032581113, -0.02668624, -0.033347595, 0.01879539
0.00035905984, -0.041631497, 0.0011254944, -0.060988624, 0.03932982, 0.0021238234, 0.03579495, -0.027598146, -0.0323333, 0.020869238
5.7866448e-05, -0.035900876, 0.0010181834, -0.047650993, 0.033617873, 0.0014480382, 0.033033818, -0.02468513, -0.02688854, 0.013573425
-0.000191449, -0.042701498, 0.0019422024, -0.062266495, 0.040645353, 0.0022049462, 0.036788844, -0.028426135, -0.033441026, 0.020681363
2.6651312e-06, -0.023893809, 0.0010392519, -0.03562998, 0.021968652, 0.001131342, 0.018330181, -0.01645209, -0.018443923, 0.011805405
-0.0003384652, -0.047671862, 0.0024619298, -0.070288055, 0.04447699, 0.0010825088, 0.040780097, -0.031660132, -0.037425164, 0.02198431
0.0001428442, -0.039760906, 0.0013130195, -0.05721841, 0.034836907, 0.0006758047, 0.03385679, -0.0271876, -0.030332126, 0.02386028
-3.5340403e-05, -0.033102617, 0.00085332716, -0.047889885, 0.030892752, 0.001440191, 0.028665334, -0.022792248, -0.025268428, 0.018111372
-0.00012550302, -0.03370668, 0.0007443554, -0.04973668, 0.030745983, 0.0016192913, 0.028919002, -0.023062097, -0.02634646, 0.01727514
-0.00037939177, -0.040293735, 0.001655804, -0.059396274, 0.037200805, 0.0019758125, 0.03486687, -0.026756708, -0.03158847, 0.018370798
0.000750523, -0.04653283, 0.0015872606, -0.06850554, 0.04419958, 0.0034069903, 0.039605618, -0.03066554, -0.03624074, 0.022531385
0.000106020634, -0.04588156, 0.0017014513, -0.06680614, 0.043158635, 0.0024007948, 0.040153533, -0.031421274, -0.034918584, 0.022320317
0.00036163165, -0.04108896, 0.0017119634, -0.060071003, 0.038931496, 0.0022367688, 0.03504504, -0.027319452, -0.0320474, 0.021190833
-0.00033074256, -0.03429346, 0.0015289895, -0.050535437, 0.031748712, 0.001792343, 0.029783702, -0.02272253, -0.026901199, 0.01563761
-0.00048083797, -0.048948094, 0.0021153253, -0.069736786, 0.04539622, 0.0022487051, 0.04192552, -0.033145394, -0.038076613, 0.023177393
-0.0037838542, -0.044152435, 0.0016237368, -0.057484858, 0.04138777, 0.0020504019, 0.036820132, -0.029983731, -0.033581242, 0.019482013
0.0028960512, -0.044722594, -0.00016310326, -0.064127155, 0.04194687, 0.0020658309, 0.03776336, -0.028093936, -0.03413222, 0.015404116
-0.00022771604, -0.03555038, 0.000997045, -0.04859846, 0.034153294, 0.0016355999, 0.030660378, -0.025315335, -0.02773668, 0.01679821
0.00022834139, -0.048101574, 0.0019643982, -0.0710016, 0.045176383, 0.0026508772, 0.04152087, -0.032331903, -0.03751533, 0.02137864
0.0006041082, -0.044969067, -0.00054572674, -0.057085827, 0.04549014, 0.0028701003, 0.04028967, -0.033223383, -0.035287715, 0.018292503
0.00027588886, -0.024856377, 0.000819093, -0.036771316, 0.022215731, 0.0010104431, 0.021968385, -0.016923033, -0.01889593, 0.012707256
0.00068601547, -0.04388121, -0.0022114334, -0.0647349, 0.042192046, 0.002219829, 0.039068047, -0.027156224, -0.032333672, 0.016754339
0.0011364025, -0.05406267, 0.0006549417, -0.07964455, 0.048775148, 0.002212172, 0.04667578, -0.039390787, -0.040689997, 0.025166044
6.591126e-05, -0.043176197, 0.0006168699, -0.06354671, 0.03968588, 0.0018065518, 0.036747545, -0.030406006, -0.032504596, 0.023416998
-0.0003179506, -0.049547788, 0.0025566944, -0.07342611, 0.046758648, 0.0025233796, 0.041524995, -0.03302668, -0.03852934, 0.023819206
-0.00011847849, -0.044234887, 0.0020674514, -0.06501995, 0.04245686, 0.0023613798, 0.039644938, -0.029767184, -0.034787674, 0.021205582
-0.00058528554, -0.04004203, 0.002414187, -0.057755478, 0.040120848, 0.0027189828, 0.034069803, -0.026123183, -0.031104054, 0.017248683
-0.0001730835, -0.033122957, 0.0015697667, -0.048793077, 0.03143528, 0.0017907146, 0.02851565, -0.022013586, -0.025956148, 0.015164961
-0.0003603088, -0.033593357, 0.0005843351, -0.04748524, 0.033432953, 0.0008825116, 0.030220624, -0.02260767, -0.02633768, 0.01329999
0.00013488562, -0.04331307, 0.0010397265, -0.059682477, 0.040777903, 0.0011552549, 0.036198266, -0.028733445, -0.032924116, 0.017777765
-0.000890826, -0.026240315, 0.0005443377, -0.037380747, 0.024559, 0.00022745179, 0.022651058, -0.017381938, -0.02021669, 0.012230993
-0.00016633439, -0.03783147, 0.0029626894, -0.05539961, 0.03714987, 0.001314745, 0.03226775, -0.023455322, -0.02759749, 0.019532626
-0.0005976876, -0.034631044, 0.0004706662, -0.051334333, 0.03360048, 0.0010078978, 0.03057676, -0.02432407, -0.027206864, 0.014493236
-0.0007911349, -0.032778207, 0.00082925503, -0.04668313, 0.03098142, 0.0004941076, 0.02800955, -0.022713428, -0.025382167, 0.014460415
0.00034695715, -0.048491273, 0.0019707137, -0.07227112, 0.04582414, 0.0027911118, 0.041889016, -0.03235123, -0.038068164, 0.022507554
5.3452775e-05, -0.050164513, 0.002081064, -0.074159585, 0.04738943, 0.002729141, 0.04262164, -0.033787932, -0.038465425, 0.021356765
3.53624e-05, -0.03653395, 0.0010091081, -0.054165464, 0.03456759, 0.0018021234, 0.029719157, -0.024449654, -0.028673396, 0.016721617
