0.05324456, 0.034998525, 0.032780856, -0.0634548, 0.02021078, 0.05253006, 0.0040766955, 0.007240563, -0.0155576, -0.0017933747
-0.0025063062, -0.035646446, 0.0033341805, -0.055068858, 0.037112627, 0.0034236766, 0.031176407, -0.022243569, -0.030301651, 0.013942275
-0.0005421148, -0.044898517, 0.002028866, -0.06533263, 0.043043017, 0.0027509385, 0.0379133, -0.029794218, -0.035384245, 0.020095069
1.0067135e-05, -0.03587873, 0.0016755649, -0.052248966, 0.03463401, 0.0027512617, 0.030244755, -0.023252435, -0.028571008, 0.016500471
-0.00060455396, -0.03848655, 0.0019401015, -0.055109635, 0.035840686, 0.0016286119, 0.033816006, -0.026653467, -0.03008874, 0.018839115
-0.0005769896, -0.050216988, 0.0033349723, -0.07376291, 0.048571374, 0.00392663, 0.04299659, -0.032324582, -0.039899807, 0.022060003
-0.0002582872, -0.041192837, 0.002262594, -0.0606366, 0.038581204, 0.0023452071, 0.035440158, -0.027388508, -0.032428555, 0.019032408
-0.000787266, -0.04246039, 0.0016845315, -0.06206638, 0.04122709, 0.0021595266, 0.036072973, -0.028174577, -0.03343324, 0.018346345
-0.00083278824, -0.049546473, 0.0017531905, -0.07219623, 0.047536787, 0.002729114, 0.041650925, -0.033052623, -0.039578505, 0.021760048
-0.00079261366, -0.048796967, 0.003140941, -0.07167114, 0.047561504, 0.0037448613, 0.04170089, -0.03142663, -0.038824078, 0.020781081
-0.0005529142, -0.045438386, 0.004222126, -0.067374006, 0.043650247, 0.0037771505, 0.039277032, -0.02827836, -0.036406934, 0.019706104
-0.00030390982, -0.037338775, 0.0016995524, -0.054925624, 0.03628936, 0.0022749866, 0.031595305, -0.025085228, -0.029316353, 0.016864924
0.0007392217, -0.036531385, 0.0009986208, -0.05400337, 0.034201324, 0.0017104008, 0.03178116, -0.026140494, -0.027958123, 0.018458206
-0.00022441617, -0.04426415, 0.0012797929, -0.06717769, 0.041754708, 0.0004722754, 0.038111366, -0.031914737, -0.035102516, 0.019766351
-0.00058097637, -0.03882232, 0.004148612, -0.057546966, 0.037994947, 0.0035346588, 0.033356503, -0.02409084, -0.03132625, 0.015563774
-0.00015649208, -0.033744916, 0.0022959365, -0.05171093, 0.032413688, 0.0022188597, 0.029429879, -0.021796983, -0.0272821, 0.016274398
-0.00039690145, -0.046735577, 0.005088957, -0.06933954, 0.045244552, 0.0049727196, 0.040243242, -0.028826019, -0.037509143, 0.02063227
6.366912e-05, -0.04460688, 0.0015871279, -0.06514349, 0.042897806, 0.0027922215, 0.038296517, -0.029698616, -0.034837604, 0.02034766
-0.00011760727, -0.040768433, 0.004586158, -0.060827818, 0.038921297, 0.0048344345, 0.035252314, -0.025174718, -0.032717213, 0.017962014
-0.00060815713, -0.035907146, 0.0016480746, -0.052948676, 0.03321529, 0.0004672644, 0.028457394, -0.025321577, -0.027949162, 0.017865758
-0.00014668902, -0.044093095, 0.0015550791, -0.06484674, 0.041637134, 0.0022225254, 0.03795247, -0.02949603, -0.034099363, 0.020729342
-0.00039529504, -0.03615502, 0.0040607955, -0.05164494, 0.034825206, 0.0027038208, 0.031854626, -0.021333434, -0.028952574, 0.01586357
-0.00012858647, -0.042585213, 0.0019588612, -0.062818564, 0.039772343, 0.0021320612, 0.036810465, -0.028469974, -0.03324765, 0.020204645
0.00010417386, -0.03798818, 0.0017824075, -0.05562581, 0.036105353, 0.0023178158, 0.033771377, -0.025199817, -0.0278342, 0.017957449
