-0.030976474, -0.0071713757, -0.03878284, -0.022430828, -0.01835989, 0.033663463, 0.020526513, -0.02541855, 0.0149106
-0.027948914, -0.013966099, -0.009734994, -0.01760719, 0.021545516, 0.054734483, 0.038897283, -0.055498846, -0.05382144
-0.020462625, -0.010398384, -0.00675679, -0.012996646, 0.016590333, 0.032778952, 0.028800761, -0.042721443, -0.040705647
-0.020095555, -0.01108019, -0.0063449955, -0.013439495, 0.017669372, 0.0394561, 0.029163096, -0.0402364, -0.039153922
-0.02646426, -0.01425846, -0.008548687, -0.017117053, 0.021883309, 0.051887892, 0.037630312, -0.051527373, -0.05078856
-0.024720559, -0.0135246385, -0.0066501936, -0.01580482, 0.019557055, 0.048115127, 0.031022886, -0.048706338, -0.04700494
-0.026921293, -0.014699122, -0.008572806, -0.017862065, 0.023874963, 0.05083391, 0.038612146, -0.053556584, -0.052088637
-0.026340894, -0.014127928, -0.008406584, -0.016938379, 0.021902857, 0.051523805, 0.03728754, -0.052040603, -0.048931688
-0.02479847, -0.013291254, -0.00781819, -0.015711067, 0.020547498, 0.048128217, 0.03396705, -0.04867453, -0.04595091
-0.020913323, -0.011467255, -0.0067668147, -0.013895175, 0.018234767, 0.041398622, 0.030398961, -0.041828662, -0.03983103
-0.02475805, -0.013979233, -0.007860699, -0.0169979, 0.021236643, 0.04922228, 0.03734131, -0.04924544, -0.048539832
-0.026458094, -0.014131035, -0.00841183, -0.016984507, 0.022051005, 0.0488145, 0.03736684, -0.053305045, -0.050204422
-0.027822545, -0.014795659, -0.0088042645, -0.017791353, 0.023071432, 0.05087155, 0.039162625, -0.055499256, -0.05290495
-0.022369301, -0.012176358, -0.007461557, -0.014332404, 0.01860431, 0.045838144, 0.032386474, -0.04282353, -0.043905538
-0.037688434, -0.020286757, -0.011626014, -0.024161573, 0.02999671, 0.07283828, 0.053209905, -0.07447506, -0.07171398
-0.018660896, -0.009900637, -0.00590538, -0.0118614165, 0.015319854, 0.03463871, 0.026103232, -0.037244443, -0.03494832
-0.02035101, -0.0110173775, -0.0066005955, -0.013213855, 0.016974678, 0.039074875, 0.028787548, -0.04170902, -0.03883999
-0.024830978, -0.012954685, -0.0077476166, -0.015103341, 0.020181349, 0.047325138, 0.034571968, -0.047143873, -0.04598782
-0.027879195, -0.014617215, -0.008844768, -0.017848307, 0.023147808, 0.054540124, 0.03934344, -0.05431156, -0.05304928
-0.025334569, -0.013436011, -0.007996073, -0.015427371, 0.020902133, 0.04950954, 0.035004266, -0.04911139, -0.047570974
-0.024123823, -0.012882072, -0.0076570055, -0.015447231, 0.020023506, 0.04669026, 0.03251176, -0.04743234, -0.045655746
-0.02919312, -0.015384367, -0.009499262, -0.018300075, 0.023236232, 0.05808592, 0.041046094, -0.057999097, -0.055306815
-0.025641382, -0.013428969, -0.008315411, -0.016091065, 0.020827955, 0.049079053, 0.03386573, -0.050451837, -0.048729587
-0.02043836, -0.010933352, -0.0063860174, -0.013111949, 0.016102655, 0.039231833, 0.0282938, -0.040654738, -0.038494334
-0.0223664, -0.011647737, -0.0076383753, -0.0132439835, 0.016207634, 0.04162524, 0.03099749, -0.041335303, -0.044716682
-0.023301762, -0.012340263, -0.0074666864, -0.014842079, 0.01908219, 0.044037793, 0.031429417, -0.0464816, -0.044193387
-0.017567415, -0.009337802, -0.0057173306, -0.01126945, 0.014524218, 0.03470387, 0.024812402, -0.03487948, -0.033062804
-0.015667588, -0.006646138, -0.0041214703, -0.010489477, 0.0125598265, 0.030342545, 0.021893475, -0.03160172, -0.02968597
-0.027705839, -0.012154784, -0.010335542, -0.019417634, 0.022822415, 0.054703347, 0.03308923, -0.05499451, -0.0522453
-0.016474154, -0.009203607, -0.005402792, -0.011124026, 0.015882067, 0.032347545, 0.024688067, -0.032973927, -0.031897802
-0.025598885, -0.013876473, -0.010296549, -0.01693621, 0.021402933, 0.047742974, 0.036197755, -0.052000348, -0.05148372
-0.02002217, -0.01145509, -0.008144464, -0.014086538, 0.018305806, 0.041146073, 0.02982814, -0.041774713, -0.04077734
-0.027200943, -0.014203528, -0.009288672, -0.017182875, 0.021825658, 0.052633945, 0.03773781, -0.053881854, -0.052340623
-0.026240796, -0.0144264735, -0.010045809, -0.017624777, 0.024532804, 0.04970478, 0.0382638, -0.04967254, -0.0507755
-0.024916884, -0.011673934, -0.008498568, -0.015774153, 0.018652828, 0.04756853, 0.03460488, -0.04989001, -0.048165824
-0.03411603, -0.017280908, -0.011297906, -0.021210207, 0.025126737, 0.0663668, 0.046664968, -0.06736296, -0.065534085
-0.02244597, -0.011965497, -0.0073021906, -0.014793218, 0.017736914, 0.04278048, 0.03301577, -0.044444397, -0.044059243
-0.027313776, -0.013819064, -0.009043377, -0.017064866, 0.021936921, 0.05416858, 0.037810124, -0.05407694, -0.051889554
-0.020278797, -0.011021118, -0.006616056, -0.013114368, 0.016861055, 0.037394565, 0.029315747, -0.04128572, -0.038799495
-0.021551896, -0.010615669, -0.006426632, -0.012857086, 0.016658533, 0.03653369, 0.028153213, -0.039259415, -0.038332812
-0.01750525, -0.009876296, -0.0059454134, -0.011983679, 0.0151252495, 0.036030132, 0.026289055, -0.03640604, -0.035216626
-0.025398873, -0.014140955, -0.008223179, -0.017379152, 0.024222799, 0.049385507, 0.035193037, -0.050024524, -0.04944529
-0.019507296, -0.011088903, -0.006465094, -0.0134348795, 0.018386297, 0.039636686, 0.029439265, -0.04006935, -0.03787331
-0.018725619, -0.010546829, -0.006173344, -0.0121403355, 0.018032003, 0.037061684, 0.028077323, -0.03759322, -0.03709243
-0.019203298, -0.009589037, -0.0063420567, -0.011927542, 0.015146145, 0.03290325, 0.025935072, -0.03756919, -0.038466595
-0.020771647, -0.011004884, -0.006675006, -0.013231198, 0.017095944, 0.03738179, 0.029261744, -0.041920155, -0.03977178
-0.0216162, -0.011174917, -0.007036587, -0.01364094, 0.017461216, 0.042448886, 0.030169118, -0.037962444, -0.042374562
-0.026307177, -0.0126680555, -0.008914522, -0.016524032, 0.01910959, 0.050983064, 0.03630763, -0.051777504, -0.05010438
-0.022743609, -0.012399242, -0.0073998217, -0.014542595, 0.019287925, 0.0447762, 0.03161755, -0.045933746, -0.044462536
-0.0207322, -0.01579446, -0.0063898047, -0.012558963, 0.016961114, 0.040317092, 0.027134728, -0.038069867, -0.035748467
-0.019698387, -0.010411841, -0.0061103255, -0.012335405, 0.01612698, 0.03758758, 0.026130524, -0.033881664, -0.03867633
-0.021922462, -0.011977769, -0.0070361043, -0.014554948, 0.018609792, 0.04441543, 0.031536676, -0.039827928, -0.042344537
-0.019286817, -0.012346677, -0.0072521656, -0.014643812, 0.019028727, 0.043063607, 0.027732989, -0.04730545, -0.045120336
-0.02196716, -0.013317726, -0.0078110565, -0.015801458, 0.020528516, 0.049341094, 0.035559747, -0.050603595, -0.041502375
-0.021695307, -0.0104150595, -0.0061108554, -0.012385405, 0.016228352, 0.032004688, 0.02953766, -0.036913868, -0.037269484
-0.03188826, -0.017130798, -0.009820874, -0.020427557, 0.025709385, 0.062368806, 0.045435555, -0.06340733, -0.061252765
-0.021768322, -0.012186652, -0.007064552, -0.014878734, 0.021651153, 0.042873725, 0.032625403, -0.04313857, -0.042670645
-0.028818803, -0.014713174, -0.009876625, -0.018493362, 0.021925095, 0.057210937, 0.04086567, -0.057573993, -0.05601963
-0.02261937, -0.012093204, -0.007273297, -0.014575444, 0.018246485, 0.04456848, 0.031986136, -0.044840086, -0.043168575
-0.024468983, -0.0128663005, -0.0074975844, -0.015383179, 0.020677561, 0.048859503, 0.032555453, -0.048823193, -0.047590483
-0.024245882, -0.013097619, -0.007850696, -0.015857607, 0.019887406, 0.04567561, 0.034158573, -0.0492329, -0.04682313
-0.022716785, -0.012719252, -0.0076748473, -0.015325833, 0.019421015, 0.046425205, 0.03351628, -0.047012586, -0.045518763
-0.01799967, -0.009669697, -0.005845107, -0.011657966, 0.014773797, 0.035826635, 0.025685815, -0.035127424, -0.034698784
-0.018424707, -0.009946907, -0.0059848814, -0.012001766, 0.015446645, 0.036284342, 0.025317125, -0.03641522, -0.035454426
-0.02172192, -0.011969335, -0.007084726, -0.014341264, 0.017717632, 0.04323475, 0.03139151, -0.043696743, -0.042402115
-0.026822325, -0.01467344, -0.0088169705, -0.017091924, 0.022274887, 0.050322026, 0.036415793, -0.05637477, -0.051878054
-0.020459447, -0.011060353, -0.0066017113, -0.013338047, 0.016313845, 0.03822268, 0.027500816, -0.04194202, -0.03901424
-0.022884363, -0.010951417, -0.006459465, -0.012823363, 0.018207146, 0.04289236, 0.031769842, -0.04531031, -0.043502316
-0.031599987, -0.015601132, -0.010885324, -0.019490248, 0.024132298, 0.058390915, 0.04364935, -0.06338911, -0.060162626
-0.023025041, -0.012346473, -0.007467817, -0.014781127, 0.016946977, 0.045438025, 0.032589365, -0.04532544, -0.0442102
-0.016049005, -0.008654844, -0.005366874, -0.010556791, 0.014251975, 0.031171728, 0.023239385, -0.031989258, -0.0312328
-0.018131953, -0.009395968, -0.0059086694, -0.011503385, 0.014604316, 0.035531975, 0.024670169, -0.035828076, -0.034744255
-0.027544633, -0.014436903, -0.009007134, -0.017537758, 0.020834312, 0.054032326, 0.03888677, -0.054753773, -0.0530798
-0.023280617, -0.012051453, -0.007997397, -0.0123350825, 0.017441548, 0.04023139, 0.031958614, -0.043942805, -0.043704245
-0.023744557, -0.012632765, -0.007858491, -0.014138202, 0.018287744, 0.045080695, 0.03255529, -0.048118938, -0.04626498
-0.02599012, -0.013002486, -0.00821174, -0.015617246, 0.019208563, 0.04900759, 0.035428036, -0.051023025, -0.049030676
-0.024363754, -0.012913751, -0.0081093125, -0.015084238, 0.018821323, 0.047302533, 0.033913445, -0.04897961, -0.04649072
-0.027545627, -0.01402962, -0.011979583, -0.01743089, 0.022242432, 0.05040633, 0.038433995, -0.054064218, -0.05236842
-0.016030941, -0.008257406, -0.0053200456, -0.009988719, 0.012658606, 0.02947139, 0.022299813, -0.032347858, -0.031190623
-0.01994691, -0.010430756, -0.006286269, -0.012481464, 0.016324025, 0.036758266, 0.027477657, -0.039361008, -0.037135072
-0.014897094, -0.0070673567, -0.0048442264, -0.009379443, 0.011610647, 0.029324736, 0.020483812, -0.029250892, -0.02858153
-0.023692124, -0.012445403, -0.007992979, -0.014989892, 0.018876709, 0.04079098, 0.033500466, -0.049795274, -0.046403315
-0.02450241, -0.012562917, -0.008149602, -0.014918668, 0.018908395, 0.047705427, 0.033427186, -0.048396137, -0.046983104
-0.021647066, -0.011065396, -0.0074665155, -0.013574889, 0.016814603, 0.042121254, 0.029967641, -0.039912, -0.042527992
-0.021075662, -0.010724484, -0.006272154, -0.009931605, 0.012123072, 0.035220735, 0.02869707, -0.040465336, -0.03745504
-0.021543706, -0.011813343, -0.0070725884, -0.014423714, 0.019250775, 0.04081774, 0.03224747, -0.0431451, -0.04209689
-0.02169315, -0.01223023, -0.007237874, -0.015867136, 0.019241432, 0.04376785, 0.033639282, -0.044722866, -0.04360682
-0.023039375, -0.012463738, -0.007975675, -0.015177705, 0.017250022, 0.041208893, 0.033917427, -0.044914436, -0.047092084
-0.021988122, -0.012365325, -0.007442491, -0.014629388, 0.019214137, 0.044935502, 0.03210713, -0.043665793, -0.0422163
-0.025475038, -0.015391944, -0.011758399, -0.019112911, 0.025074953, 0.05670497, 0.03998465, -0.057345778, -0.0558563
-0.025138896, -0.013410459, -0.008100682, -0.01617837, 0.020492021, 0.049337547, 0.035597187, -0.049857035, -0.047137093
-0.025252072, -0.014051655, -0.008154969, -0.017030317, 0.024234438, 0.048854936, 0.035286278, -0.050594773, -0.04943177
-0.023858678, -0.013435994, -0.0077708787, -0.016684625, 0.024772791, 0.047324084, 0.035151538, -0.04738436, -0.047010772
-0.02340479, -0.012361329, -0.007233344, -0.014811045, 0.020918142, 0.043631922, 0.031957276, -0.044798683, -0.043520838
-0.025128147, -0.013232556, -0.007959178, -0.017041413, 0.017794175, 0.047531758, 0.03537578, -0.04659515, -0.047905777
-0.021558922, -0.012105817, -0.0070229, -0.014583273, 0.021897411, 0.042046696, 0.03197168, -0.043203942, -0.04243193
-0.022643555, -0.015909303, -0.0076836385, -0.016374161, 0.022252271, 0.046184234, 0.035617884, -0.047111325, -0.046469945
-0.021983542, -0.012836226, -0.007393427, -0.015515051, 0.023476526, 0.0449267, 0.03394936, -0.045935832, -0.04479599
-0.02516972, -0.014021544, -0.007961055, -0.01811994, 0.024793817, 0.04763668, 0.036661316, -0.050052818, -0.048903286
-0.028954223, -0.01562073, -0.009556658, -0.018878644, 0.023713084, 0.049316414, 0.043275498, -0.05890699, -0.05809482
-0.021220699, -0.012365677, -0.0067762425, -0.016040105, 0.017328065, 0.04578633, 0.034449436, -0.04397684, -0.044041652
-0.022259574, -0.011832929, -0.0071934424, -0.011901495, 0.018282771, 0.04215315, 0.03144831, -0.044892244, -0.042654373
-0.008703382, -0.004762921, -0.0029109633, -0.0057900646, 0.0074183075, 0.017366774, 0.012416266, -0.017548896, -0.017123038
-0.018912556, -0.010451917, -0.0055134827, -0.0125864865, 0.016432637, 0.036699098, 0.025433278, -0.03772563, -0.03750524
-0.023942832, -0.013143921, -0.007816294, -0.015998017, 0.02426856, 0.046593644, 0.03536272, -0.047843605, -0.047168616
-0.015762093, -0.009099425, -0.0052910615, -0.011355413, 0.015459086, 0.032363694, 0.024285235, -0.032904062, -0.031792838
-0.014805236, -0.008810174, -0.005048708, -0.010753274, 0.014535829, 0.031036828, 0.023362966, -0.031231113, -0.030214267
-0.020554977, -0.01129128, -0.0065422724, -0.013796597, 0.018129049, 0.041097973, 0.029665453, -0.03973776, -0.037151374
-0.019368734, -0.010005514, -0.0063542393, -0.012474541, 0.016286407, 0.036931444, 0.026255786, -0.037802454, -0.03947489
-0.019798143, -0.010280868, -0.006081326, -0.013861491, 0.017510373, 0.041146476, 0.02989522, -0.037704177, -0.039348025
-0.021813542, -0.013683603, -0.007797872, -0.017231982, 0.019041887, 0.046935216, 0.038346805, -0.04886949, -0.046322495
-0.025022535, -0.01428513, -0.008299363, -0.017098073, 0.0213363, 0.04978546, 0.037894342, -0.050726928, -0.049585454
-0.015706003, -0.008547794, -0.0051378654, -0.010375119, 0.013058132, 0.032719843, 0.022043077, -0.03002866, -0.030476889
-0.0176757, -0.009537303, -0.005675002, -0.011267677, 0.014366193, 0.034513917, 0.025186611, -0.0351509, -0.033972785
-0.024426276, -0.013685241, -0.007892228, -0.016952293, 0.02127909, 0.050005704, 0.036320228, -0.044962503, -0.04873527
-0.016123604, -0.008830708, -0.0053721895, -0.009738127, 0.014103714, 0.02900208, 0.024077298, -0.032449253, -0.029207282
-0.015144682, -0.004115383, -0.0048604235, -0.009770292, 0.012174182, 0.029668232, 0.021244273, -0.02954498, -0.030177811
-0.019364262, -0.010857016, -0.0061462456, -0.013651454, 0.019490624, 0.03814685, 0.02604515, -0.038731817, -0.03803073
-0.016963275, -0.011002226, -0.006112037, -0.013814935, 0.019867754, 0.038152367, 0.029219082, -0.03889314, -0.037930537
-0.024116928, -0.013412245, -0.0073034046, -0.017291792, 0.017036904, 0.04650443, 0.036164414, -0.047224488, -0.046493307
-0.017975688, -0.010049201, -0.0053995443, -0.012884601, 0.015635487, 0.033648092, 0.026294302, -0.034302153, -0.031692807
-0.01445598, -0.008115819, -0.004655779, -0.009744006, 0.013050987, 0.0270121, 0.020816892, -0.029083466, -0.02891702
-0.022064824, -0.010922316, -0.0073915944, -0.015254621, 0.0209566, 0.038152397, 0.031673357, -0.04488849, -0.045060277
-0.0238184, -0.012282637, -0.007967587, -0.015000351, 0.0191696, 0.037888452, 0.032361593, -0.045169942, -0.050823662
-0.020883592, -0.011186485, -0.0067164185, -0.013110202, 0.017060269, 0.040708598, 0.029546604, -0.041764863, -0.039553918
-0.025150154, -0.012915447, -0.009317895, -0.01672935, 0.013999112, 0.050243046, 0.03428244, -0.045421865, -0.048249442
-0.01281931, -0.008213594, -0.0022356086, -0.010473365, 0.011891382, 0.025012922, 0.0177869, -0.027197365, -0.024862088
-0.028999489, -0.012892065, -0.0065577044, -0.015174354, 0.021719515, 0.044477288, 0.030576264, -0.04120764, -0.045134906
-0.021021944, -0.011685837, -0.006641594, -0.014212339, 0.019865192, 0.041340377, 0.030690398, -0.042320028, -0.041039154
-0.023395514, -0.0131948525, -0.0077285734, -0.016136182, 0.023434402, 0.046589054, 0.03487978, -0.047407635, -0.04626333
-0.021868778, -0.012492816, -0.007175918, -0.015321326, 0.022681078, 0.043643065, 0.03258596, -0.04445545, -0.04356218
-0.02133227, -0.011925776, -0.007039822, -0.015062113, 0.019300058, 0.043043822, 0.03128031, -0.042960368, -0.04128206
-0.024464626, -0.013655991, -0.007950676, -0.016342254, 0.021894801, 0.047161825, 0.03789, -0.049509265, -0.047956318
-0.025047043, -0.013894331, -0.007774249, -0.016962884, 0.022828726, 0.049184505, 0.03674131, -0.04945918, -0.048718397
-0.017820679, -0.009836144, -0.0058101565, -0.011881204, 0.01575528, 0.034102876, 0.026010897, -0.035857823, -0.034837887
-0.02320771, -0.012199637, -0.007209149, -0.014645171, 0.019085297, 0.044539608, 0.031917434, -0.043668628, -0.043232597
-0.027310215, -0.015054975, -0.008653763, -0.018169787, 0.02444664, 0.05407323, 0.039227553, -0.054411363, -0.05319147
-0.025361296, -0.013838591, -0.008135085, -0.016969772, 0.021915583, 0.04926925, 0.0370636, -0.0485291, -0.049550973
-0.020371713, -0.010928032, -0.0063940366, -0.013220251, 0.016481115, 0.035814907, 0.02927902, -0.04174288, -0.03736162
-0.021642458, -0.011904457, -0.006996534, -0.014884842, 0.018531807, 0.04325768, 0.032295406, -0.043090355, -0.04240101
-0.013885494, -0.009349472, -0.004877904, -0.012793567, 0.016927885, 0.033000235, 0.023105605, -0.032510694, -0.03329054
-0.021459209, -0.011652446, -0.0069796117, -0.01413386, 0.02060534, 0.041251596, 0.030752374, -0.041693658, -0.041650843
-0.023181278, -0.012056786, -0.0070953122, -0.014421464, 0.020071585, 0.04291196, 0.03194637, -0.04233331, -0.04169124
-0.023892649, -0.013695216, -0.008493975, -0.016528087, 0.022218177, 0.045444164, 0.035991777, -0.04882841, -0.047681585
-0.020559585, -0.011403081, -0.0067369924, -0.013429699, 0.019580627, 0.03978851, 0.029201554, -0.041730903, -0.040403616
-0.0275472, -0.013168534, -0.009160177, -0.016513918, 0.02128502, 0.05356192, 0.037567176, -0.054221895, -0.052328963
-0.022003978, -0.011945719, -0.0069711525, -0.013980269, 0.017583258, 0.04290137, 0.03138859, -0.043279245, -0.04148731
-0.017537791, -0.009135561, -0.0056105135, -0.011783015, 0.015322448, 0.032076962, 0.024296284, -0.034849048, -0.03362642
-0.019454429, -0.010548469, -0.006349253, -0.012953179, 0.016492786, 0.038344838, 0.029478794, -0.03939045, -0.03631018
-0.020542784, -0.010312645, -0.0063559283, -0.012268863, 0.01813603, 0.037690215, 0.02857876, -0.041429065, -0.039604943
-0.020778574, -0.011585691, -0.0066557513, -0.012318324, 0.017833162, 0.038348146, 0.029738467, -0.041678913, -0.040133666
-0.02329166, -0.012617495, -0.008433813, -0.0136416415, 0.020565486, 0.0420653, 0.033937182, -0.044425126, -0.044659797
-0.015359565, -0.008755489, -0.0053893225, -0.010118164, 0.013940099, 0.03137651, 0.022574518, -0.03220443, -0.0314632
-0.025158461, -0.013214266, -0.008482382, -0.015463643, 0.018420229, 0.048073504, 0.03404456, -0.049162567, -0.04736998
-0.01732281, -0.00941193, -0.005709975, -0.011204143, 0.01469077, 0.035227887, 0.024597863, -0.034315128, -0.033575933
-0.024676522, -0.013157808, -0.008105074, -0.0163796, 0.020956347, 0.04504137, 0.036352403, -0.04954773, -0.04642244
-0.017397499, -0.008826481, -0.0054628137, -0.011019536, 0.014291731, 0.032778323, 0.024783483, -0.03197398, -0.03296401
-0.023856364, -0.012943685, -0.0074721035, -0.01544603, 0.019291472, 0.046622016, 0.034149215, -0.047597375, -0.046062257
-0.023604112, -0.013522273, -0.008183327, -0.015419877, 0.021406393, 0.046486303, 0.03492159, -0.05051725, -0.04841067
-0.030362176, -0.014784609, -0.009642444, -0.020514369, 0.023465341, 0.059732374, 0.042887256, -0.060198653, -0.05857071
-0.022931186, -0.012397044, -0.0074299746, -0.015288559, 0.020903423, 0.044800732, 0.03375748, -0.04432305, -0.044567678
-0.025829766, -0.013945664, -0.008891438, -0.019030107, 0.021842657, 0.047106523, 0.03656109, -0.05278769, -0.050117668
-0.018703917, -0.009681499, -0.0061818566, -0.011536452, 0.015125635, 0.032920122, 0.026213834, -0.038731813, -0.036160138
-0.022175033, -0.012192614, -0.007069788, -0.016385961, 0.019513043, 0.04386769, 0.031246094, -0.044197336, -0.04223355
-0.02932774, -0.016587112, -0.009455867, -0.01987576, 0.025183631, 0.058486305, 0.045496084, -0.0598232, -0.05839279
-0.01997238, -0.0127935065, -0.007418242, -0.016095776, 0.020054923, 0.042298246, 0.031964272, -0.048651546, -0.045920316
-0.02129302, -0.011775217, -0.0067848503, -0.013976415, 0.017709374, 0.04165052, 0.032167852, -0.038498055, -0.0410184
-0.026451988, -0.0150801195, -0.008244244, -0.019015396, 0.0234866, 0.052336723, 0.0417451, -0.054302562, -0.05290621
-0.02700416, -0.014875189, -0.0087576825, -0.017995423, 0.022224206, 0.053350996, 0.03939251, -0.05373986, -0.052563608
-0.023856163, -0.01177624, -0.0078044347, -0.015141754, 0.019391976, 0.041047767, 0.033357006, -0.04623025, -0.049545128
-0.028262287, -0.0135401515, -0.009314047, -0.018104883, 0.01783317, 0.0540433, 0.03640398, -0.05543282, -0.05390197
-0.024288254, -0.013159559, -0.007747238, -0.015800035, 0.01915707, 0.04800698, 0.034757446, -0.048459396, -0.047017656
-0.01844835, -0.010389515, -0.0063808393, -0.012554774, 0.015634058, 0.038666278, 0.02851576, -0.03866465, -0.037882555
-0.019203493, -0.010361808, -0.0062449337, -0.012315672, 0.016037041, 0.038284425, 0.027484847, -0.037543796, -0.03706224
-0.02249093, -0.012141833, -0.0073155337, -0.014416745, 0.01900223, 0.044860996, 0.030843586, -0.04454984, -0.043371886
-0.019913148, -0.010983694, -0.0065783737, -0.012207722, 0.015847236, 0.037556306, 0.02873689, -0.039981704, -0.038486846
-0.020406874, -0.010954883, -0.0065844813, -0.013141539, 0.016133899, 0.040039964, 0.029059956, -0.039379437, -0.039025426
-0.025242217, -0.012823584, -0.007819429, -0.015856575, 0.020329695, 0.04689965, 0.032673698, -0.048678745, -0.044966854
-0.024512064, -0.014271659, -0.0076485546, -0.01747021, 0.022039138, 0.048338544, 0.038352285, -0.049376886, -0.052053362
-0.024104288, -0.011585031, -0.009260487, -0.012908078, 0.018860947, 0.04340722, 0.033130415, -0.046752833, -0.04659866
-0.024694975, -0.01231764, -0.007790691, -0.014656062, 0.019953066, 0.044604372, 0.03466878, -0.04722336, -0.04628396
-0.025296364, -0.013486001, -0.008395419, -0.01659287, 0.020936048, 0.051134434, 0.035724126, -0.051626015, -0.04988056
-0.023548577, -0.012721174, -0.007870683, -0.015352413, 0.01972215, 0.04468162, 0.034025032, -0.04605503, -0.047047257
-0.023281708, -0.012568404, -0.007584192, -0.0150106745, 0.01924308, 0.04629015, 0.033343986, -0.044888407, -0.04487015
-0.024850767, -0.013682149, -0.008959084, -0.016835758, 0.02159472, 0.05119026, 0.03658702, -0.051770587, -0.049792096
-0.01631133, -0.009082816, -0.0054566176, -0.011099087, 0.014295335, 0.032709196, 0.023704784, -0.033934206, -0.03298149
-0.02413034, -0.0129486285, -0.007868276, -0.01595861, 0.018897865, 0.047740754, 0.03501824, -0.048256643, -0.04704143
-0.020231416, -0.010945701, -0.007432663, -0.011153107, 0.01738814, 0.0358561, 0.03111523, -0.03973981, -0.04032609
-0.02111706, -0.01098333, -0.0062752506, -0.0138968, 0.018609816, 0.04106522, 0.0315026, -0.042349897, -0.041966923
-0.018616801, -0.010450175, -0.006266377, -0.013248824, 0.014782883, 0.03563393, 0.028765645, -0.03944261, -0.03784038
-0.025902022, -0.014001913, -0.008347219, -0.016662316, 0.020848941, 0.05133354, 0.03669568, -0.051429216, -0.04997855
-0.025598966, -0.010937053, -0.009515008, -0.0132609615, 0.01687675, 0.0347143, 0.02758627, -0.040663313, -0.04019329
-0.016456155, -0.008958817, -0.0053556543, -0.01090392, 0.013406276, 0.0325497, 0.025074229, -0.03270073, -0.03070673
-0.022374943, -0.013193412, -0.007891716, -0.014520737, 0.021001125, 0.044140793, 0.03535063, -0.049189556, -0.04728833
-0.018398458, -0.010990495, -0.0065379525, -0.013228755, 0.01734186, 0.038815748, 0.02644781, -0.041688707, -0.039236933
-0.02002911, -0.011023627, -0.0065672887, -0.011917433, 0.01831479, 0.034902837, 0.028100438, -0.042790715, -0.039749667
-0.01873349, -0.010246469, -0.0061639627, -0.012479101, 0.016360011, 0.034473903, 0.02727792, -0.038465325, -0.037141766
-0.024192685, -0.013277342, -0.008019631, -0.01612413, 0.020367332, 0.047589093, 0.038888186, -0.04742501, -0.04641938
-0.023265963, -0.012585587, -0.0073573566, -0.01332076, 0.020590741, 0.04719129, 0.03425806, -0.046378285, -0.04450984
-0.018935487, -0.01007404, -0.0062933597, -0.012544724, 0.015917402, 0.033933856, 0.027975434, -0.039133452, -0.037949886
-0.02356442, -0.012731508, -0.0077214646, -0.015376071, 0.019986825, 0.048178222, 0.033074025, -0.047310133, -0.04272214
-0.023364333, -0.012585357, -0.0075611216, -0.015109077, 0.019443141, 0.043654013, 0.033250783, -0.046804234, -0.045132294
-0.01779175, -0.009522241, -0.005837403, -0.0116540175, 0.015010342, 0.036621813, 0.025493588, -0.03322452, -0.03489136
-0.024154728, -0.013842734, -0.008226182, -0.016758686, 0.020460507, 0.04987551, 0.036260158, -0.05072763, -0.049228363
-0.021901995, -0.012500189, -0.0070374757, -0.01494919, 0.022858001, 0.03572034, 0.035996173, -0.044698656, -0.043557283
-0.01536748, -0.008851181, -0.005198866, -0.008965948, 0.014445983, 0.03219145, 0.02177057, -0.032184355, -0.03100427
-0.020139745, -0.010927253, -0.006535066, -0.013082295, 0.01714927, 0.04036496, 0.028876727, -0.037851706, -0.038886193
-0.014307768, -0.010719179, -0.0061501213, -0.013204919, 0.014472268, 0.038869638, 0.026495703, -0.038243715, -0.03875584
-0.020169657, -0.011065759, -0.0065449616, -0.013271571, 0.016164824, 0.040178638, 0.029728908, -0.04042346, -0.037372723
-0.025784733, -0.014406875, -0.0078121484, -0.01805467, 0.024528528, 0.049542896, 0.03903314, -0.052036792, -0.050575297
-0.018982971, -0.010701724, -0.006206919, -0.01309793, 0.020503266, 0.036410365, 0.02930416, -0.038293637, -0.036562257
-0.022800496, -0.013212486, -0.0075635454, -0.016340915, 0.024103161, 0.046457097, 0.035593633, -0.04715087, -0.044577066
-0.022585483, -0.012102564, -0.0073032468, -0.014590476, 0.018807046, 0.041843623, 0.032119557, -0.045551684, -0.043508254
-0.02285559, -0.0131421, -0.0073479433, -0.01653495, 0.01966307, 0.04549253, 0.03624753, -0.045188475, -0.044769816
-0.027152231, -0.015339578, -0.008782909, -0.019218516, 0.020204904, 0.053756785, 0.04375383, -0.05475961, -0.052618686
-0.022158336, -0.013139104, -0.0072143706, -0.016738793, 0.022104116, 0.04552498, 0.03551223, -0.046012066, -0.04182674
-0.027170483, -0.015296733, -0.0087907985, -0.01867664, 0.026672497, 0.054141384, 0.04235964, -0.050638895, -0.053804573
-0.023356294, -0.01325495, -0.007575772, -0.016369136, 0.024680918, 0.04718955, 0.03405312, -0.04390145, -0.04636086
-0.016811647, -0.010082739, -0.005490354, -0.011796645, 0.01833249, 0.03408686, 0.02603137, -0.032725666, -0.031754453
-0.021686804, -0.013153137, -0.007432848, -0.018735068, 0.020854438, 0.04574676, 0.03559317, -0.04635784, -0.045026947
-0.022522476, -0.015175844, -0.008353413, -0.018441884, 0.01647938, 0.05126686, 0.041000172, -0.05249124, -0.051368825
-0.025040828, -0.013503703, -0.0075097852, -0.017134206, 0.023889193, 0.041081727, 0.03725471, -0.04245564, -0.0482363
-0.021352556, -0.011491198, -0.0062963245, -0.013820623, 0.022095509, 0.03586376, 0.027261265, -0.037648235, -0.04025132
-0.02001518, -0.011984817, -0.006391856, -0.012977751, 0.014549823, 0.038742613, 0.026456676, -0.039149858, -0.038551956
-0.021289354, -0.011307851, -0.006845726, -0.01367143, 0.017743068, 0.041852854, 0.029853549, -0.041241884, -0.040197473
-0.018711297, -0.010581868, -0.0060218065, -0.013057698, 0.018014377, 0.037847593, 0.029231263, -0.03809133, -0.032704916
-0.021042492, -0.012041455, -0.0067788744, -0.014956622, 0.020887055, 0.041086312, 0.032509968, -0.04041164, -0.04134207
-0.02043088, -0.0113760205, -0.0064783036, -0.014164282, 0.019151822, 0.03842085, 0.03243658, -0.039513964, -0.039343465
-0.017618414, -0.010177367, -0.005718039, -0.013259922, 0.015581681, 0.03729327, 0.024181563, -0.0352377, -0.033972714
-0.020573607, -0.011980162, -0.006820204, -0.01520173, 0.02307687, 0.039708775, 0.03330396, -0.04084816, -0.040554553
-0.018594993, -0.010682747, -0.005980996, -0.012959762, 0.018791411, 0.037135214, 0.02393637, -0.03743732, -0.036835298
-0.019807648, -0.011283864, -0.006366622, -0.0138594955, 0.019962154, 0.037578337, 0.032147527, -0.041293744, -0.034454003
-0.025767626, -0.013709257, -0.007626644, -0.017091656, 0.019550355, 0.046130236, 0.03669549, -0.04745033, -0.046850175
-0.025721062, -0.014596171, -0.008311321, -0.020852465, 0.022349883, 0.050608747, 0.038418908, -0.050121002, -0.050758068
-0.019880777, -0.010566577, -0.005849609, -0.014236549, 0.017626537, 0.03189678, 0.029841205, -0.0346506, -0.03669838
-0.023453481, -0.012666629, -0.0076334355, -0.015342212, 0.019695343, 0.04659261, 0.03369801, -0.045854874, -0.04547772
-0.01725375, -0.009819872, -0.0054826927, -0.012111144, 0.015930636, 0.033941504, 0.03001941, -0.03296129, -0.03165983
-0.025283266, -0.012780878, -0.0069990507, -0.017222278, 0.018314121, 0.044675507, 0.031912502, -0.044845574, -0.044580154
-0.02030678, -0.011503928, -0.006401299, -0.013903623, 0.020263735, 0.035868302, 0.03111483, -0.041495055, -0.040955763
-0.019199058, -0.0122960415, -0.0071427934, -0.016241172, 0.021932825, 0.046068147, 0.035847265, -0.04561637, -0.04092974
-0.021003602, -0.014433461, -0.0064741825, -0.017089866, 0.019733801, 0.037350524, 0.030380404, -0.037222933, -0.040345773
-0.0204713, -0.009989255, -0.0061251917, -0.0068120393, 0.015586814, 0.034023922, 0.027701674, -0.03526537, -0.03510999
-0.013162289, -0.006985041, -0.0040868134, -0.008334755, 0.0108459145, 0.02576745, 0.018895393, -0.025707023, -0.022053294
-0.021799935, -0.011442271, -0.006737595, -0.013738522, 0.017871466, 0.042510398, 0.028195119, -0.043997705, -0.036435917
-0.01789609, -0.0098540345, -0.005910416, -0.011624313, 0.014436296, 0.035965353, 0.02612033, -0.033742744, -0.03570192
-0.024238443, -0.0115556475, -0.0073331385, -0.0141007835, 0.018034665, 0.04695027, 0.0316455, -0.038429864, -0.03922555
-0.021662854, -0.009215259, -0.0075780894, -0.013117759, 0.0173021, 0.041355114, 0.029569091, -0.04319695, -0.03461052
-0.012094241, -0.006234769, -0.00394388, -0.007612131, 0.009698323, 0.021755408, 0.016684333, -0.025155565, -0.022051767
-0.03065886, -0.012176755, -0.0112492945, -0.016436575, 0.02257149, 0.04403389, 0.03944783, -0.04752839, -0.047001418
-0.01758887, -0.00959036, -0.0059180544, -0.010621551, 0.014211042, 0.03272934, 0.022872588, -0.033748943, -0.038637113
-0.02248954, -0.011177082, -0.0076917727, -0.014324738, 0.018222291, 0.034739025, 0.030279646, -0.04782729, -0.04397662
-0.018735152, -0.010025362, -0.0063958797, -0.012243323, 0.015163975, 0.0406839, 0.027251573, -0.03574433, -0.03495665
-0.018588182, -0.009545292, -0.0060489234, -0.011716938, 0.0144996885, 0.037901122, 0.02514271, -0.033482645, -0.03533546
-0.029592775, -0.011601581, -0.0074245916, -0.014163962, 0.017886015, 0.038928095, 0.031266734, -0.04183246, -0.041799113
-0.022851065, -0.012842165, -0.0072753862, -0.015040635, 0.020271916, 0.044867728, 0.03382251, -0.045375817, -0.04444362
-0.023473306, -0.012376153, -0.007661517, -0.015491997, 0.020803597, 0.045150284, 0.034472883, -0.045657136, -0.04539221
-0.022950113, -0.012389446, -0.0073115677, -0.014921182, 0.019491263, 0.040307764, 0.03301905, -0.04585699, -0.044640053
-0.019229004, -0.010534389, -0.0063202763, -0.012573608, 0.016425112, 0.03821876, 0.027844865, -0.038642455, -0.037656616
-0.020266881, -0.009946622, -0.006036609, -0.0118662845, 0.015521683, 0.034406647, 0.026150066, -0.036806133, -0.03676049
-0.018032216, -0.011261091, -0.006608692, -0.012582551, 0.015646586, 0.03980061, 0.025109727, -0.043167334, -0.039319694
-0.02181728, -0.010286132, -0.006625879, -0.013943904, 0.016802045, 0.041052897, 0.030702215, -0.04481634, -0.040636435
-0.018852286, -0.009883349, -0.0061052977, -0.011085297, 0.014956372, 0.03682394, 0.024648186, -0.036623545, -0.03464316
-0.01770491, -0.0106424, -0.0071145846, -0.0127594955, 0.016328583, 0.038166948, 0.027686818, -0.039213084, -0.040443443
-0.01861554, -0.009360149, -0.005856172, -0.013455467, 0.015341482, 0.035452604, 0.025363099, -0.037302274, -0.03503643
-0.019043194, -0.010191444, -0.006080327, -0.012406475, 0.015290453, 0.03408819, 0.02730115, -0.03820025, -0.036586266
-0.02289887, -0.012070699, -0.007312777, -0.01459781, 0.017819537, 0.039844003, 0.032428447, -0.044650424, -0.044940885
-0.019245332, -0.010097475, -0.00622303, -0.012108828, 0.015702175, 0.033981524, 0.026775267, -0.03770083, -0.038535375
-0.013806706, -0.0073736813, -0.0045053554, -0.008919397, 0.011536635, 0.024869537, 0.019635448, -0.028915782, -0.026583284
-0.024704866, -0.013255159, -0.007958507, -0.016086303, 0.020947555, 0.045177218, 0.035176806, -0.049136207, -0.04852336
-0.029216703, -0.0120712295, -0.007818565, -0.016017167, 0.019411813, 0.04537275, 0.032639127, -0.046966225, -0.04606644
-0.020103527, -0.0104092825, -0.0065568513, -0.012708379, 0.016338384, 0.035731252, 0.02804023, -0.040273175, -0.03843469
-0.019456524, -0.01005238, -0.006773659, -0.011949535, 0.014353305, 0.03629331, 0.027225181, -0.037016243, -0.03306275
-0.020868758, -0.011469188, -0.0070497706, -0.013886337, 0.01795316, 0.04348943, 0.030626873, -0.04120856, -0.040965877
-0.012755386, -0.006657076, -0.004147443, -0.00811907, 0.010400182, 0.022812638, 0.017904801, -0.025352977, -0.024729578
-0.018011194, -0.009261426, -0.005590413, -0.011130979, 0.01411901, 0.033385534, 0.025225433, -0.033719722, -0.029949911
-0.023250168, -0.012393469, -0.0075491467, -0.015017305, 0.019280996, 0.038795236, 0.033406414, -0.047727257, -0.045312796
-0.022500824, -0.011753085, -0.0074720024, -0.012179903, 0.017524755, 0.037237577, 0.031747743, -0.04296929, -0.040440086
-0.01812021, -0.009617359, -0.005894862, -0.011675846, 0.015025028, 0.035672806, 0.025701882, -0.03680519, -0.032667894
-0.019260416, -0.010480248, -0.0075392686, -0.01157587, 0.015258381, 0.03699391, 0.026842887, -0.033478744, -0.03617489
-0.027011957, -0.014503194, -0.008733766, -0.01751743, 0.022641055, 0.053529583, 0.03846147, -0.052280203, -0.051709108
-0.020211162, -0.011751426, -0.005104549, -0.01326008, 0.017244453, 0.03668137, 0.027180588, -0.04541657, -0.036635127
-0.018287078, -0.009341091, -0.005504679, -0.011182729, 0.014528346, 0.031912856, 0.02574795, -0.030598203, -0.034872524
-0.024897723, -0.013991713, -0.008119037, -0.017000956, 0.024297148, 0.04820759, 0.037526947, -0.050275065, -0.04916641
-0.021490224, -0.011174667, -0.0070544635, -0.014587536, 0.018495068, 0.04301303, 0.03152125, -0.04397302, -0.04209857
-0.024398388, -0.01294991, -0.0069357376, -0.015445001, 0.019312624, 0.047466543, 0.034212995, -0.04658997, -0.046078444
-0.024039267, -0.0125575615, -0.008998894, -0.014638822, 0.019471714, 0.04364378, 0.034085944, -0.048226353, -0.04629509
-0.02483844, -0.013661852, -0.008273397, -0.016654164, 0.021700062, 0.05040159, 0.03648127, -0.05015726, -0.04796234
-0.021403674, -0.011123124, -0.008451885, -0.013080327, 0.018000066, 0.04039114, 0.030648628, -0.04278669, -0.041732408
-0.027224578, -0.014171485, -0.008846519, -0.01784884, 0.022885073, 0.05056946, 0.039232746, -0.055018134, -0.05321778
-0.021529231, -0.010801238, -0.0068773655, -0.013046279, 0.01679226, 0.039141215, 0.029518427, -0.042339455, -0.0405409
-0.02554654, -0.014102771, -0.008322654, -0.016830225, 0.023563217, 0.049917825, 0.036867313, -0.05091951, -0.0498793
-0.01850229, -0.010590429, -0.00661261, -0.010620804, 0.015882835, 0.034923177, 0.028329805, -0.040359475, -0.03660132
-0.022806212, -0.012298322, -0.0073811957, -0.014877975, 0.01914925, 0.04502529, 0.03253631, -0.044621237, -0.04395982
-0.024761308, -0.013745486, -0.007888486, -0.016689477, 0.022099134, 0.048310377, 0.03629711, -0.047240444, -0.04792192
-0.023585793, -0.013701292, -0.0079622455, -0.017019061, 0.024236267, 0.048311, 0.03593331, -0.04884696, -0.048017945
-0.025754174, -0.014190977, -0.008418579, -0.017343607, 0.024204306, 0.05124157, 0.037488516, -0.051370054, -0.049556106
-0.022712367, -0.013163486, -0.007851893, -0.016011132, 0.02095402, 0.048201073, 0.03533418, -0.047825053, -0.046335295
-0.020093393, -0.011036072, -0.0067944815, -0.013329828, 0.01971374, 0.036906995, 0.029503983, -0.040123563, -0.039887674
-0.025202002, -0.013740232, -0.008171041, -0.017450558, 0.021852782, 0.047271803, 0.036512017, -0.050398834, -0.049527045
-0.019000422, -0.010474121, -0.0062115216, -0.012711797, 0.017707895, 0.036406137, 0.028006164, -0.038080335, -0.037166856
-0.02112725, -0.011461456, -0.00687874, -0.013962083, 0.019623572, 0.041273024, 0.029810125, -0.042131804, -0.04101112
-0.023870556, -0.012925167, -0.007808644, -0.015814485, 0.02108418, 0.047029853, 0.03479696, -0.047634702, -0.045378666
-0.020849511, -0.008865833, -0.0068816277, -0.013155738, 0.017990056, 0.04045281, 0.03016393, -0.04245474, -0.03961095
-0.017969005, -0.010259963, -0.005909659, -0.01254072, 0.0181679, 0.035916194, 0.02773787, -0.035207327, -0.035978295
-0.026601598, -0.016873943, -0.0097303735, -0.02200334, 0.026821679, 0.059692677, 0.04688238, -0.060686864, -0.059687205
-0.025170911, -0.014271425, -0.008274344, -0.017399363, 0.022596205, 0.048910063, 0.038848426, -0.05032879, -0.050154798
-0.027053984, -0.016045364, -0.009380892, -0.019796586, 0.026284011, 0.056995124, 0.042618223, -0.058353513, -0.05669154
-0.020868894, -0.0118598435, -0.0073710447, -0.013936762, 0.018587198, 0.043849032, 0.030834131, -0.042399954, -0.040427413
-0.019593226, -0.010169043, -0.0061545284, -0.01227211, 0.015688652, 0.033306886, 0.027219312, -0.03816761, -0.037647124
-0.024654815, -0.013783295, -0.007996499, -0.017024593, 0.022346055, 0.04828564, 0.038207147, -0.049807053, -0.047951512
-0.031801067, -0.01800084, -0.010345139, -0.020780897, 0.031054031, 0.06375516, 0.047460206, -0.0654063, -0.06365999
-0.024016771, -0.013745216, -0.008288575, -0.016756125, 0.022979416, 0.049156997, 0.036591828, -0.050285034, -0.04876996
-0.021965211, -0.0128253605, -0.0071555013, -0.015632244, 0.02546732, 0.042818382, 0.027494213, -0.045011204, -0.04427235
-0.025294283, -0.012440658, -0.0076295505, -0.015460434, 0.020171685, 0.046294596, 0.0340929, -0.043989178, -0.0417984
-0.020695971, -0.010805736, -0.006251192, -0.014134639, 0.018353293, 0.035367697, 0.028583307, -0.038681492, -0.04045501
-0.022261526, -0.012232743, -0.007294991, -0.014839417, 0.019726157, 0.04278818, 0.032755703, -0.044478282, -0.043380488
-0.024911504, -0.014131766, -0.008140421, -0.017390039, 0.024313, 0.047992483, 0.037725013, -0.05046917, -0.04907066
-0.020736167, -0.011434758, -0.006623681, -0.014390224, 0.019590147, 0.03997452, 0.030200655, -0.04163079, -0.040360093
-0.026000502, -0.015036764, -0.00881417, -0.01850651, 0.024943067, 0.053963285, 0.040129162, -0.05448866, -0.052761145
-0.027584847, -0.015020336, -0.008063468, -0.018397838, 0.026288228, 0.053298894, 0.03935723, -0.0543768, -0.05322884
-0.024678096, -0.014072428, -0.0079246545, -0.017475372, 0.01859558, 0.047034543, 0.037845872, -0.049756907, -0.049622267
-0.02540951, -0.014008111, -0.008271365, -0.017566249, 0.021922648, 0.048489757, 0.038301576, -0.050949838, -0.049885314
-0.022250481, -0.0122692045, -0.0072102114, -0.014882853, 0.021109153, 0.04271226, 0.03256406, -0.04454048, -0.043304756
-0.027634753, -0.011393865, -0.009147826, -0.01519281, 0.01900238, 0.051218037, 0.035622254, -0.052200276, -0.05044476
-0.021167345, -0.010980143, -0.0070741293, -0.013508163, 0.01676836, 0.04171195, 0.02978299, -0.04215941, -0.04093009
-0.02108814, -0.010753771, -0.007048528, -0.012213447, 0.015820505, 0.041054975, 0.029333228, -0.042667612, -0.041185785
-0.02341466, -0.012987068, -0.007464611, -0.016294166, 0.023270192, 0.046913974, 0.03214162, -0.047191095, -0.04583448
-0.027144102, -0.01576605, -0.009320059, -0.019506203, 0.026096728, 0.056162085, 0.041931916, -0.05739758, -0.055952325
-0.023812266, -0.013366146, -0.0076881927, -0.016181609, 0.021671735, 0.046945296, 0.034028046, -0.04775521, -0.04658192
-0.02000372, -0.0109193735, -0.0064792885, -0.013263401, 0.017671272, 0.038831007, 0.029542131, -0.03924956, -0.038825702
-0.01744865, -0.009095285, -0.005890571, -0.011509217, 0.01801068, 0.03349347, 0.027225826, -0.03407152, -0.03368599
-0.017358778, -0.008655865, -0.005616755, -0.011535853, 0.013926952, 0.031863857, 0.023469256, -0.034015555, -0.03584759
-0.022408847, -0.012682487, -0.007398281, -0.01512214, 0.02394843, 0.04565673, 0.027616192, -0.04575727, -0.04510546
-0.019678842, -0.012938307, -0.0074120634, -0.015821341, 0.013830489, 0.046209462, 0.03215986, -0.046144303, -0.047036484
-0.018601006, -0.009851986, -0.006135037, -0.012498388, 0.013987812, 0.035785854, 0.029559338, -0.038250837, -0.034550786
-0.02398397, -0.013116519, -0.007873507, -0.016038608, 0.01995465, 0.050194703, 0.03188144, -0.043808326, -0.048940577
-0.030002879, -0.01711215, -0.009806119, -0.020027801, 0.029079055, 0.06067843, 0.045981985, -0.062343903, -0.06036347
-0.023111878, -0.013122406, -0.007684678, -0.015708776, 0.022393031, 0.04575808, 0.03324596, -0.047442995, -0.046246234
-0.023359891, -0.01264823, -0.007592375, -0.014525359, 0.02073391, 0.04584638, 0.033741675, -0.044833552, -0.04513119
-0.015150363, -0.008190602, -0.0049955663, -0.0100487685, 0.012971873, 0.030265285, 0.02216777, -0.030555721, -0.02976639
-0.028056948, -0.015403985, -0.009140387, -0.01849897, 0.023822622, 0.052424498, 0.039818794, -0.058144763, -0.054356545
-0.02406378, -0.013131041, -0.0078296615, -0.01588243, 0.018554442, 0.046526674, 0.03503642, -0.04815196, -0.047305208
-0.02059753, -0.008405062, -0.0064176414, -0.0114186155, 0.017048474, 0.03973906, 0.028592987, -0.040461134, -0.0381821
-0.01877142, -0.011105439, -0.0054792985, -0.011314452, 0.015102998, 0.035411082, 0.024269069, -0.033961352, -0.03596826
-0.023533376, -0.0134566985, -0.008077081, -0.016243614, 0.020717015, 0.04846078, 0.035448138, -0.049621005, -0.047948908
-0.02010812, -0.008757928, -0.0063019595, -0.012893633, 0.016760804, 0.03742412, 0.026742067, -0.039293863, -0.038218163
-0.019784141, -0.010702883, -0.006795471, -0.013212015, 0.016894385, 0.039376684, 0.028515719, -0.04075297, -0.033893283
-0.022954391, -0.012435527, -0.007404624, -0.015052651, 0.018806411, 0.043768447, 0.03271632, -0.04414766, -0.04583333
-0.017804876, -0.0094260955, -0.0055342102, -0.011223241, 0.014664217, 0.030755296, 0.024257258, -0.036456008, -0.033177778
-0.019303856, -0.009110106, -0.0062923776, -0.012530253, 0.016860645, 0.037514776, 0.02752438, -0.038498443, -0.037504602
-0.024324816, -0.013137111, -0.007911399, -0.015197854, 0.019803187, 0.04806532, 0.034867164, -0.047368307, -0.046925936
-0.01963466, -0.010627489, -0.0063917143, -0.012904946, 0.0153525695, 0.038732383, 0.02828718, -0.039181385, -0.0378434
-0.023041194, -0.012318332, -0.0074194493, -0.014835639, 0.018877538, 0.045366663, 0.0326388, -0.044087052, -0.044135753
-0.022220438, -0.012144832, -0.0072483374, -0.014765716, 0.019817969, 0.04206312, 0.032408208, -0.044388276, -0.04318705
-0.024108933, -0.013305877, -0.0077795405, -0.016190894, 0.022191973, 0.045650937, 0.03576163, -0.04785923, -0.046751074
-0.016814187, -0.0093156705, -0.0054342803, -0.011256181, 0.014832143, 0.033100214, 0.024588795, -0.033467434, -0.03272372
-0.023334268, -0.012910136, -0.007480349, -0.01577371, 0.022088641, 0.04467535, 0.035146035, -0.04599725, -0.045300875
