0.0128813805, -0.03640429, -0.03683847, 0.008245877, -0.026055047, 0.01947309, -0.043111876, 0.036233153, -0.029090479
-0.029346092, -0.01643744, -0.009644371, -0.020062272, 0.026690511, 0.05811265, 0.04375404, -0.059403002, -0.05809744
-0.020942055, -0.012253122, -0.006251036, -0.015431047, 0.023516743, 0.045133345, 0.029422956, -0.044601817, -0.042680055
-0.028643942, -0.01598066, -0.0089526735, -0.01918648, 0.027119197, 0.054122705, 0.042806353, -0.056952395, -0.055628594
-0.026369965, -0.013901277, -0.008676253, -0.016976595, 0.021804962, 0.050661393, 0.03731759, -0.05234345, -0.05080145
-0.026215142, -0.014165183, -0.008382592, -0.017048907, 0.022258934, 0.05054949, 0.037469473, -0.05216109, -0.05027597
-0.020918796, -0.011796997, -0.0052384012, -0.014209488, 0.018118165, 0.040262654, 0.029418722, -0.04068868, -0.039959956
-0.022102308, -0.012075919, -0.0073973807, -0.014712943, 0.019412506, 0.04309792, 0.032106932, -0.04455618, -0.043141793
-0.026824936, -0.014630466, -0.00866345, -0.017524563, 0.02297135, 0.05202915, 0.038614124, -0.053577907, -0.051904842
-0.024243858, -0.013499271, -0.007968307, -0.016490381, 0.021918949, 0.04763168, 0.035944242, -0.048747063, -0.047960687
-0.018631639, -0.010455021, -0.0060254945, -0.012771543, 0.017117603, 0.03663024, 0.02779823, -0.03747152, -0.03665307
