-0.043664843, -0.035377104, 0.026125534, -0.0040788027, 0.035529967
0.03421611, -0.041647498, 0.0030871623, 0.0036291757, 0.030292798
0.034637224, -0.04410071, 0.0028574397, 0.0037301427, 0.032156784
0.03754541, -0.043532193, 0.004060232, 0.004849174, 0.036798853
0.037248727, -0.047197722, 0.0036527968, 0.0037640824, 0.034367993
0.030908437, -0.04882778, 0.0015390853, 0.008042, 0.036337875
0.042094357, -0.05523975, 0.0046547097, 0.0055269203, 0.040220432
0.022273945, -0.033283044, 0.0057528033, 6.1018178e-05, 0.023213407
0.04677589, -0.053574365, 0.0062821032, 0.005211894, 0.042632636
0.031497326, -0.034285165, 0.0030068697, 0.003499019, 0.03324202
0.026795113, -0.030913105, 0.0035862075, 0.0031653505, 0.024188867
0.024950273, -0.032984037, 0.0037467054, 0.0017820211, 0.023933198
0.041423574, -0.044175185, 0.0038446698, 0.004873593, 0.02846951
0.037792277, -0.046118394, 0.005360969, 0.004485526, 0.034615558
0.03408776, -0.04961405, 0.0019572396, 0.0073850416, 0.033619933
