0.015576517, -0.054533884, -0.031264383, -0.016035458, -0.01400821
0.032035913, -0.039624706, 0.003137481, 0.0039260946, 0.029158536
0.04203526, -0.046602827, 0.004735526, 0.004745326, 0.0348537
0.0456498, -0.057657745, 0.004064986, 0.005058647, 0.037637334
0.030850293, -0.0379503, 0.0029540972, 0.0034651877, 0.02988446
0.036212876, -0.04328682, 0.003702983, 0.0050823973, 0.03613221
0.03037198, -0.04228837, 0.0050360127, 0.001884054, 0.03079069
0.030241419, -0.049258556, 0.0011847417, 0.009061548, 0.031475764
0.04088818, -0.05978101, 0.009116706, -0.00043624194, 0.04105399
0.038745586, -0.047958963, 0.0036626537, 0.0025809605, 0.036369413
0.04401518, -0.06720531, 0.011824535, 0.00023987872, 0.047068093
0.03799418, -0.05050041, 0.0036284353, 0.004692377, 0.03714413
0.02751581, -0.036710918, 0.0027822368, 0.002901113, 0.028972687
0.033622254, -0.044941004, 0.003303897, 0.0038646234, 0.030593097
0.049247965, -0.055957798, 0.003944285, 0.004822191, 0.03955396
0.042368084, -0.055854686, 0.004073398, 0.0047973995, 0.036419604
0.03607298, -0.04660145, 0.0036139374, 0.0036584057, 0.035744026
0.045228463, -0.054492105, 0.0020061785, 0.0050219963, 0.03987975
0.03834376, -0.04820871, 0.00354748, 0.0049724746, 0.035263903
0.03575422, -0.041657094, 0.0034457748, 0.0036368049, 0.032122243
0.04020838, -0.05110599, 0.0045323763, 0.0036561317, 0.038523007
0.0396048, -0.056571655, 0.002761494, 0.003843788, 0.04214402
0.031243285, -0.039121166, 0.0026342443, 0.0027841046, 0.030760344
